Pendel 1 in Ruhe
Pendel 2 ausgelenkt0,025 0,283 0,318
0,050 0,971 1,193
0,084 1,926 2,310
0,109 2,747 3,258
0,134 3,480 4,133
0,159 4,257 4,959
0,184 4,901 5,712
0,209 5,545 6,393
0,234 6,122 7,025
0,259 6,655 7,656
0,284 7,076 8,118
0,309 7,498 8,556
0,334 7,809 8,896
0,359 8,075 9,187
0,384 8,231 9,357
0,417 8,364 9,479
0,442 8,364 9,455
0,467 8,275 9,333
0,492 8,120 9,139
0,517 7,898 8,896
0,542 7,565 8,507
0,567 7,210 8,069
0,592 6,766 7,559
0,617 6,255 6,976
0,642 5,678 6,320
0,667 5,078 5,615
0,692 4,435 4,813
0,717 3,724 4,036
0,742 2,992 3,161
0,767 2,237 2,310
0,792 1,460 1,387
0,817 0,661 0,488
0,842 -0,183 -0,436
0,867 -0,960 -1,335
0,900 -1,937 -2,452
0,925 -2,758 -3,351
0,950 -3,469 -4,202
0,975 -4,201 -5,004
1,000 -4,823 -5,757
1,025 -5,489 -6,438
1,050 -6,022 -7,069
1,075 -6,510 -7,653
1,100 -6,976 -8,114
1,125 -7,354 -8,576
1,151 -7,664 -8,892
1,176 -7,931 -9,159
1,201 -8,108 -9,305
1,226 -8,175 -9,402
1,251 -8,197 -9,402
1,276 -8,131 -9,305
1,301 -7,997 -9,135
1,326 -7,798 -8,868
1,351 -7,509 -8,503
1,376 -7,154 -8,090
1,401 -6,732 -7,604
1,426 -6,244 -7,021
1,451 -5,689 -6,365
1,476 -5,111 -5,660
1,501 -4,490 -4,907
1,526 -3,779 -4,129
1,551 -3,069 -3,327
1,576 -2,314 -2,428
1,601 -1,537 -1,578
1,626 -0,738 -0,654
1,651 0,083 0,269
1,676 0,883 1,144
1,701 1,682 2,067
1,726 2,414 2,942
1,751 3,169 3,817
1,776 3,902 4,619
1,801 4,612 5,396
1,826 5,256 6,125
1,851 5,855 6,782
1,876 6,388 7,389
1,901 6,854 7,924
1,926 7,276 8,361
1,951 7,676 8,750
1,976 7,942 9,041
2,001 8,142 9,236
2,026 8,297 9,357
2,051 8,342 9,406
2,076 8,342 9,357
2,101 8,231 9,212
2,126 8,053 9,017
2,151 7,809 8,701
2,176 7,498 8,312
2,201 7,076 7,875
2,226 6,610 7,340
2,251 6,122 6,709
2,276 5,522 6,053
2,301 4,901 5,348
2,326 4,235 4,546
2,351 3,547 3,695
2,376 2,814 2,869
2,401 2,037 1,994
2,426 1,238 1,071
2,451 0,439 0,172
2,476 -0,338 -0,727
2,501 -1,138 -1,651
2,526 -1,915 -2,525
2,551 -2,714 -3,400
2,576 -3,446 -4,202
2,601 -4,135 -5,004
2,626 -4,801 -5,709
2,651 -5,422 -6,413
2,676 -5,977 -7,021
2,701 -6,488 -7,628
2,726 -6,932 -8,090
2,751 -7,331 -8,527
2,776 -7,620 -8,843
2,801 -7,886 -9,086
2,826 -8,042 -9,256
2,851 -8,153 -9,354
2,876 -8,153 -9,329
2,901 -8,131 -9,256
2,926 -7,975 -9,062
2,951 -7,798 -8,819
2,976 -7,509 -8,454
3,001 -7,176 -8,066
3,026 -6,776 -7,555
3,051 -6,288 -6,996
3,076 -5,733 -6,365
3,101 -5,156 -5,684
3,126 -4,534 -4,907
3,151 -3,868 -4,105
3,176 -3,158 -3,279
3,201 -2,403 -2,452
3,226 -1,604 -1,553
3,251 -0,805 -0,679
3,276 -0,028 0,245
3,301 0,749 1,168
3,326 1,571 2,043
3,351 2,326 2,918
3,376 3,103 3,768
3,401 3,813 4,595
3,426 4,523 5,372
3,451 5,167 6,053
3,476 5,767 6,733
3,501 6,299 7,340
3,526 6,810 7,875
3,551 7,210 8,312
3,576 7,631 8,701
3,601 7,898 8,969
3,626 8,120 9,163
3,651 8,253 9,284
3,676 8,342 9,357
3,701 8,297 9,309
3,726 8,231 9,163
3,751 8,031 8,944
3,776 7,809 8,677
3,801 7,498 8,240
3,826 7,121 7,802
3,851 6,632 7,268
3,876 6,166 6,684
3,901 5,589 6,004
3,926 4,967 5,299
3,951 4,301 4,522
3,976 3,591 3,720
4,001 2,858 2,869
4,026 2,104 1,994
4,051 1,304 1,095
4,076 0,550 0,221
4,101 -0,250 -0,727
4,126 -1,049 -1,602
4,151 -1,848 -2,452
4,176 -2,603 -3,327
4,201 -3,358 -4,153
4,226 -4,046 -4,955
4,251 -4,712 -5,684
4,276 -5,333 -6,340
4,301 -5,888 -6,972
4,326 -6,399 -7,555
4,351 -6,865 -8,017
4,376 -7,243 -8,430
4,401 -7,576 -8,770
4,426 -7,798 -9,038
4,451 -7,997 -9,208
4,476 -8,108 -9,281
4,501 -8,153 -9,281
4,526 -8,108 -9,184
4,551 -7,997 -9,038
4,576 -7,798 -8,770
4,601 -7,553 -8,454
4,626 -7,220 -8,017
4,651 -6,799 -7,555
4,676 -6,332 -6,972
4,701 -5,822 -6,365
4,726 -5,245 -5,660
4,751 -4,623 -4,931
4,776 -3,935 -4,153
4,801 -3,224 -3,327
4,826 -2,492 -2,452
4,851 -1,715 -1,578
4,876 -0,938 -0,703
4,901 -0,161 0,172
4,926 0,661 1,095
4,951 1,438 1,946
4,976 2,237 2,821
5,001 2,969 3,695
5,026 3,702 4,497
5,051 4,390 5,251
5,076 5,034 5,980
5,101 5,656 6,636
5,126 6,233 7,219
5,151 6,721 7,754
5,176 7,143 8,240
5,201 7,520 8,580
5,226 7,831 8,896
5,251 8,075 9,090
5,276 8,231 9,236
5,301 8,297 9,260
5,326 8,297 9,212
5,351 8,209 9,090
5,376 8,075 8,896
5,401 7,853 8,628
5,426 7,543 8,240
5,451 7,165 7,778
5,476 6,743 7,292
5,501 6,211 6,660
5,526 5,678 6,028
5,551 5,056 5,324
5,576 4,412 4,570
5,601 3,702 3,768
5,626 2,992 2,894
5,651 2,215 2,043
5,676 1,438 1,168
5,701 0,638 0,269
5,726 -0,161 -0,630
5,751 -0,938 -1,505
5,776 -1,715 -2,380
5,801 -2,514 -3,254
5,826 -3,224 -4,056
5,851 -3,935 -4,882
5,876 -4,601 -5,611
5,901 -5,245 -6,292
5,926 -5,822 -6,899
5,951 -6,355 -7,458
5,976 -6,776 -7,920
6,001 -7,198 -8,357
6,026 -7,531 -8,673
6,051 -7,820 -8,941
6,076 -7,975 -9,111
6,101 -8,086 -9,208
6,126 -8,131 -9,184
6,151 -8,108 -9,135
6,176 -7,975 -8,941
6,201 -7,820 -8,722
6,226 -7,553 -8,357
6,251 -7,220 -7,968
6,276 -6,843 -7,458
6,301 -6,377 -6,924
6,326 -5,866 -6,316
6,351 -5,311 -5,660
6,376 -4,667 -4,907
6,401 -4,001 -4,178
6,426 -3,269 -3,327
6,451 -2,558 -2,501
6,476 -1,781 -1,626
6,501 -1,027 -0,727
6,526 -0,227 0,172
6,551 0,550 1,022
6,576 1,349 1,946
6,601 2,126 2,772
6,626 2,881 3,647
6,651 3,591 4,449
6,676 4,346 5,226
6,701 4,990 5,907
6,726 5,611 6,587
6,751 6,166 7,146
6,776 6,677 7,705
6,801 7,121 8,142
6,826 7,498 8,531
6,851 7,787 8,798
6,876 8,053 9,041
6,901 8,209 9,139
6,926 8,297 9,212
6,951 8,275 9,139
6,976 8,231 9,041
7,001 8,075 8,823
7,026 7,876 8,556
7,051 7,565 8,167
7,076 7,210 7,754
7,101 6,743 7,219
7,126 6,277 6,636
7,151 5,744 5,980
7,176 5,123 5,299
7,201 4,457 4,546
7,226 3,791 3,768
7,251 3,058 2,894
7,276 2,303 2,067
7,301 1,526 1,168
7,326 0,772 0,293
7,351 -0,050 -0,606
7,376 -0,849 -1,456
7,401 -1,670 -2,355
7,426 -2,425 -3,181
7,451 -3,180 -3,983
7,476 -3,868 -4,761
7,501 -4,556 -5,490
7,526 -5,178 -6,170
7,551 -5,777 -6,802
7,576 -6,288 -7,361
7,601 -6,754 -7,871
7,626 -7,154 -8,260
7,651 -7,487 -8,600
7,676 -7,731 -8,843
7,701 -7,975 -9,038
7,726 -8,086 -9,111
7,751 -8,153 -9,135
7,776 -8,064 -9,038
7,801 -8,020 -8,916
7,826 -7,842 -8,649
7,851 -7,598 -8,309
7,876 -7,265 -7,920
7,901 -6,887 -7,458
7,926 -6,443 -6,899
7,951 -5,955 -6,292
7,976 -5,333 -5,636
8,001 -4,734 -4,882
8,026 -4,068 -4,129
8,051 -3,380 -3,327
8,076 -2,625 -2,477
8,101 -1,870 -1,626
8,126 -1,093 -0,751
8,151 -0,294 0,123
8,176 0,527 0,998
8,201 1,282 1,873
8,226 2,059 2,748
8,251 2,814 3,550
8,276 3,569 4,376
8,301 4,235 5,129
8,326 4,923 5,834
8,351 5,545 6,490
8,376 6,144 7,097
8,401 6,610 7,608
8,426 7,076 8,069
8,451 7,432 8,434
8,476 7,787 8,726
8,501 8,031 8,944
8,526 8,186 9,114
8,551 8,275 9,114
8,576 8,297 9,090
8,601 8,231 8,993
8,626 8,098 8,774
8,651 7,876 8,483
8,676 7,609 8,142
8,701 7,232 7,681
8,726 6,810 7,195
8,751 6,299 6,611
8,776 5,789 6,004
8,801 5,123 5,275
8,826 4,546 4,546
8,851 3,835 3,720
8,876 3,125 2,918
8,901 2,348 2,067
8,926 1,593 1,217
8,951 0,816 0,293
8,976 0,017 -0,557
9,001 -0,805 -1,407
9,026 -1,537 -2,258
9,051 -2,359 -3,108
9,076 -3,069 -3,910
9,101 -3,802 -4,712
9,126 -4,490 -5,441
9,151 -5,134 -6,097
9,176 -5,689 -6,729
9,201 -6,244 -7,288
9,226 -6,710 -7,750
9,251 -7,154 -8,211
9,276 -7,442 -8,503
9,301 -7,731 -8,795
9,326 -7,909 -8,941
9,351 -8,086 -9,038
9,376 -8,131 -9,038
9,401 -8,131 -8,989
9,426 -7,975 -8,795
9,451 -7,864 -8,576
9,476 -7,598 -8,236
9,501 -7,287 -7,871
9,526 -6,887 -7,385
9,551 -6,466 -6,875
9,576 -5,955 -6,268
9,601 -5,400 -5,587
9,626 -4,756 -4,858
9,651 -4,135 -4,129
9,676 -3,402 -3,327
9,701 -2,692 -2,501
9,726 -1,915 -1,626
9,751 -1,160 -0,800
9,776 -0,338 0,099
9,801 0,439 0,950
9,826 1,216 1,849
9,851 1,993 2,651
9,876 2,747 3,525
9,901 3,480 4,303
9,926 4,213 5,056
9,951 4,856 5,712
9,976 5,478 6,393
10,001 6,055 6,976
10,026 6,588 7,511
10,051 7,032 7,948
10,076 7,432 8,337
10,101 7,742 8,628
10,126 8,031 8,871
10,151 8,164 8,993
10,176 8,275 9,041
10,201 8,297 8,993
10,226 8,253 8,920
10,251 8,098 8,701
10,276 7,898 8,434
10,301 7,609 8,069
10,326 7,276 7,632
10,351 6,832 7,122
10,376 6,366 6,587
10,401 5,811 5,931
10,426 5,234 5,275
10,451 4,568 4,546
10,476 3,880 3,768
10,501 3,169 2,942
10,526 2,414 2,116
10,551 1,637 1,217
10,576 0,860 0,342
10,601 0,039 -0,533
10,626 -0,716 -1,359
10,651 -1,515 -2,234
10,676 -2,270 -3,060
10,701 -3,025 -3,886
10,726 -3,757 -4,615
10,751 -4,423 -5,344
10,776 -5,045 -6,000
10,801 -5,666 -6,632
10,826 -6,177 -7,191
10,851 -6,665 -7,653
10,876 -7,087 -8,066
10,901 -7,442 -8,406
10,926 -7,709 -8,625
10,951 -7,931 -8,819
10,976 -8,042 -8,916
11,001 -8,131 -8,965
11,026 -8,108 -8,892
11,051 -8,020 -8,722
11,076 -7,864 -8,503
11,101 -7,642 -8,236
11,126 -7,287 -7,823
11,151 -6,932 -7,361
11,176 -6,488 -6,826
11,201 -6,022 -6,219
11,226 -5,444 -5,587
11,251 -4,845 -4,858
11,276 -4,179 -4,105
11,301 -3,491 -3,327
11,326 -2,736 -2,501
11,351 -1,981 -1,675
11,376 -1,182 -0,800
11,401 -0,427 0,002
11,426 0,372 0,925
11,451 1,171 1,776
11,476 1,970 2,626
11,501 2,703 3,452
11,526 3,436 4,254
11,551 4,146 4,959
11,576 4,834 5,664
11,601 5,456 6,296
11,626 6,033 6,927
11,651 6,544 7,438
11,676 7,010 7,899
11,701 7,387 8,264
11,726 7,742 8,531
11,751 7,987 8,774
11,776 8,164 8,920
11,801 8,253 8,969
11,826 8,297 8,944
11,851 8,231 8,823
11,876 8,120 8,628
11,901 7,898 8,361
11,926 7,631 8,021
11,951 7,298 7,608
11,976 6,877 7,146
12,001 6,388 6,587
12,026 5,855 5,955
12,051 5,256 5,251
12,076 4,634 4,546
12,101 3,946 3,744
12,126 3,236 2,966
12,151 2,459 2,116
12,176 1,704 1,290
12,201 0,927 0,391
12,226 0,128 -0,460
12,251 -0,671 -1,310
12,276 -1,448 -2,136
12,301 -2,248 -3,011
12,326 -2,958 -3,765
12,351 -3,713 -4,566
12,376 -4,401 -5,271
12,401 -5,045 -5,927
12,426 -5,622 -6,510
12,451 -6,177 -7,069
12,476 -6,643 -7,531
12,501 -7,065 -7,993
12,526 -7,420 -8,284
12,551 -7,709 -8,576
12,576 -7,909 -8,746
12,601 -8,042 -8,843
12,626 -8,131 -8,868
12,651 -8,131 -8,795
12,676 -8,020 -8,649
12,701 -7,886 -8,454
12,726 -7,642 -8,139
12,751 -7,331 -7,774
12,776 -6,976 -7,288
12,801 -6,554 -6,802
12,826 -6,022 -6,195
12,851 -5,467 -5,538
12,876 -4,889 -4,834
12,901 -4,246 -4,129
12,926 -3,535 -3,327
12,951 -2,803 -2,525
12,976 -2,048 -1,699
13,001 -1,271 -0,873
13,026 -0,449 0,002
13,051 0,305 0,852
13,076 1,105 1,703
13,101 1,882 2,553
13,126 2,659 3,380
13,151 3,369 4,157
13,176 4,102 4,886
13,201 4,768 5,567
13,226 5,411 6,198
13,251 5,966 6,806
13,276 6,521 7,316
13,301 6,988 7,754
13,326 7,387 8,167
13,351 7,698 8,458
13,376 7,964 8,677
13,401 8,120 8,823
13,426 8,253 8,871
13,451 8,297 8,847
13,476 8,231 8,774
13,501 8,120 8,556
13,526 7,920 8,312
13,551 7,654 7,972
13,576 7,298 7,559
13,601 6,877 7,073
13,626 6,410 6,514
13,651 5,878 5,907
13,676 5,278 5,251
13,701 4,679 4,546
13,726 3,991 3,768
13,751 3,258 2,966
13,776 2,503 2,165
13,801 1,748 1,314
13,826 0,971 0,464
13,851 0,172 -0,387
13,876 -0,627 -1,262
13,901 -1,426 -2,088
13,926 -2,203 -2,914
13,951 -2,958 -3,692
13,976 -3,691 -4,445
14,001 -4,357 -5,174
14,026 -4,978 -5,830
14,051 -5,600 -6,438
14,076 -6,155 -6,996
14,101 -6,643 -7,458
14,126 -7,065 -7,896
14,151 -7,420 -8,211
14,176 -7,709 -8,479
14,201 -7,909 -8,649
14,226 -8,064 -8,746
14,251 -8,131 -8,770
14,276 -8,131 -8,722
14,301 -8,042 -8,600
14,326 -7,909 -8,382
14,351 -7,664 -8,066
14,376 -7,331 -7,701
14,401 -6,976 -7,264
14,426 -6,554 -6,753
14,451 -6,066 -6,170
14,476 -5,511 -5,563
14,501 -4,912 -4,858
14,526 -4,268 -4,129
14,551 -3,580 -3,351
14,576 -2,847 -2,574
14,601 -2,114 -1,723
14,626 -1,293 -0,897
14,651 -0,538 -0,047
14,676 0,283 0,779
14,701 1,082 1,654
14,726 1,882 2,456
14,751 2,636 3,282
14,776 3,369 4,060
14,801 4,079 4,813
14,826 4,745 5,494
14,851 5,389 6,150
14,876 5,966 6,684
14,901 6,499 7,219
14,926 6,965 7,681
14,951 7,365 8,069
14,976 7,698 8,337
15,001 7,987 8,580
15,026 8,142 8,726
15,051 8,275 8,798
15,076 8,275 8,774
15,101 8,253 8,701
15,126 8,120 8,483
15,151 7,942 8,264
15,176 7,654 7,924
15,201 7,321 7,535
15,226 6,921 7,049
15,251 6,433 6,514
15,276 5,878 5,882
15,301 5,323 5,251
15,326 4,701 4,546
15,351 4,035 3,793
15,376 3,280 2,991
15,401 2,548 2,189
15,426 1,771 1,338
15,451 1,016 0,512
15,476 0,217 -0,338
15,501 -0,605 -1,165
15,526 -1,382 -2,015
15,551 -2,159 -2,817
15,576 -2,914 -3,619
15,601 -3,624 -4,348
15,626 -4,312 -5,077
15,651 -4,956 -5,733
15,676 -5,555 -6,316
15,701 -6,088 -6,875
15,726 -6,599 -7,361
15,751 -6,998 -7,750
15,776 -7,376 -8,114
15,801 -7,664 -8,357
15,826 -7,886 -8,576
15,851 -8,020 -8,673
15,876 -8,108 -8,697
15,901 -8,108 -8,625
15,926 -8,042 -8,527
15,951 -7,886 -8,309
15,976 -7,664 -8,041
16,001 -7,354 -7,653
16,026 -6,998 -7,239
16,051 -6,554 -6,705
16,076 -6,088 -6,170
16,101 -5,533 -5,514
16,126 -4,934 -4,858
16,151 -4,290 -4,129
16,176 -3,602 -3,376
16,201 -2,869 -2,574
16,226 -2,181 -1,772
16,251 -1,337 -0,946
16,276 -0,583 -0,120
16,301 0,261 0,731
16,326 1,016 1,557
16,351 1,837 2,383
16,376 2,592 3,185
16,401 3,347 3,963
16,426 4,057 4,692
16,451 4,723 5,396
16,476 5,345 6,028
16,501 5,944 6,611
16,526 6,477 7,122
16,551 6,965 7,583
16,576 7,343 7,948
16,601 7,698 8,264
16,626 7,920 8,483
16,651 8,142 8,628
16,676 8,231 8,677
16,701 8,275 8,701
16,726 8,231 8,604
16,751 8,164 8,434
16,776 7,964 8,191
16,801 7,698 7,875
16,826 7,343 7,486
16,851 6,943 7,049
16,876 6,455 6,466
16,901 5,966 5,907
16,926 5,345 5,226
16,951 4,723 4,546
16,976 4,035 3,817
17,001 3,347 3,039
17,026 2,570 2,213
17,051 1,815 1,411
17,076 1,038 0,561
17,101 0,261 -0,265
17,126 -0,560 -1,092
17,151 -1,315 -1,918
17,176 -2,114 -2,744
17,201 -2,891 -3,497
17,226 -3,602 -4,251
17,251 -4,268 -4,931
17,276 -4,912 -5,636
17,301 -5,511 -6,219
17,326 -6,066 -6,778
17,351 -6,532 -7,239
17,376 -6,976 -7,677
17,401 -7,354 -7,993
17,426 -7,664 -8,309
17,451 -7,886 -8,479
17,476 -8,042 -8,625
17,501 -8,086 -8,625
17,526 -8,131 -8,600
17,551 -8,042 -8,454
17,576 -7,886 -8,260
17,601 -7,664 -7,944
17,626 -7,354 -7,628
17,651 -6,998 -7,215
17,676 -6,621 -6,729
17,701 -6,088 -6,146
17,726 -5,555 -5,563
17,751 -4,956 -4,858
17,776 -4,334 -4,153
17,801 -3,624 -3,400
17,826 -2,914 -2,623
17,851 -2,137 -1,796
17,876 -1,382 -0,994
17,901 -0,560 -0,168
17,926 0,217 0,658
17,951 0,994 1,484
17,976 1,771 2,286
18,001 2,570 3,088
18,026 3,280 3,841
18,051 3,991 4,595
18,076 4,657 5,275
18,101 5,323 5,907
18,126 5,900 6,490
18,151 6,455 7,049
18,176 6,899 7,462
18,201 7,343 7,851
18,226 7,654 8,142
18,251 7,920 8,410
18,276 8,098 8,556
18,301 8,231 8,628
18,326 8,253 8,604
18,351 8,253 8,556
18,376 8,120 8,361
18,401 7,964 8,142
18,426 7,676 7,802
18,451 7,365 7,438
18,476 6,943 6,976
18,501 6,455 6,490
18,526 5,944 5,882
18,551 5,367 5,275
18,576 4,745 4,546
18,601 4,057 3,841
18,626 3,347 3,064
18,651 2,636 2,286
18,676 1,837 1,460
18,701 1,082 0,658
18,726 0,261 -0,193
18,751 -0,516 -0,994
18,776 -1,337 -1,845
18,801 -2,092 -2,623
18,826 -2,869 -3,424
18,851 -3,580 -4,129
18,876 -4,290 -4,858
18,901 -4,912 -5,490
18,926 -5,533 -6,097
18,951 -6,066 -6,656
18,976 -6,554 -7,142
19,001 -6,976 -7,531
19,026 -7,354 -7,920
19,051 -7,620 -8,187
19,076 -7,864 -8,382
19,101 -7,997 -8,479
19,126 -8,086 -8,552
19,151 -8,086 -8,503
19,176 -8,020 -8,406
19,201 -7,864 -8,211
19,226 -7,664 -7,920
19,251 -7,354 -7,580
19,276 -7,021 -7,167
19,301 -6,577 -6,681
19,326 -6,133 -6,146
19,351 -5,555 -5,514
19,376 -4,978 -4,882
19,401 -4,312 -4,178
19,426 -3,624 -3,473
19,451 -2,891 -2,671
19,476 -2,181 -1,869
19,501 -1,382 -1,043
19,526 -0,605 -0,241
19,551 0,217 0,585
19,576 0,971 1,411
19,601 1,771 2,213
19,626 2,525 2,966
19,651 3,280 3,744
19,676 3,991 4,497
19,701 4,657 5,178
19,726 5,278 5,785
19,751 5,878 6,393
19,776 6,410 6,879
19,801 6,899 7,340
19,826 7,298 7,729
19,851 7,654 8,069
19,876 7,898 8,288
19,901 8,120 8,458
19,926 8,231 8,507
19,951 8,275 8,531
19,976 8,231 8,483
20,001 8,142 8,361
20,026 7,942 8,118
20,051 7,676 7,826
20,076 7,321 7,413
20,101 6,943 7,000
20,126 6,455 6,466
20,151 5,989 5,931
20,176 5,389 5,275
20,201 4,745 4,619
20,226 4,079 3,890
20,251 3,369 3,112
20,276 2,614 2,310
20,301 1,859 1,533
20,326 1,060 0,707
20,351 0,283 -0,120
20,376 -0,516 -0,946
20,401 -1,293 -1,748
20,426 -2,070 -2,550
20,451 -2,825 -3,303
20,476 -3,557 -4,056
20,501 -4,246 -4,737
20,526 -4,912 -5,417
20,551 -5,511 -6,000
20,576 -6,066 -6,559
20,601 -6,510 -7,045
20,626 -6,932 -7,482
20,651 -7,309 -7,798
20,676 -7,620 -8,114
20,701 -7,842 -8,284
20,726 -8,020 -8,430
20,751 -8,064 -8,454
20,776 -8,086 -8,430
20,801 -7,997 -8,309
20,826 -7,864 -8,139
20,851 -7,642 -7,896
20,876 -7,354 -7,580
20,901 -6,998 -7,142
20,926 -6,599 -6,705
20,951 -6,110 -6,146
20,976 -5,578 -5,538
21,001 -4,956 -4,882
21,026 -4,334 -4,202
21,051 -3,624 -3,473
21,076 -2,936 -2,720
21,101 -2,159 -1,918
21,126 -1,404 -1,140
21,151 -0,583 -0,314
21,176 0,172 0,488
21,201 0,971 1,338
21,226 1,726 2,116
21,251 2,503 2,894
21,276 3,236 3,647
21,301 3,991 4,376
21,326 4,657 5,056
21,351 5,278 5,712
21,376 5,855 6,296
21,401 6,388 6,830
21,426 6,854 7,243
21,451 7,298 7,656
21,476 7,631 7,972
21,501 7,898 8,240
21,526 8,075 8,385
21,551 8,209 8,483
21,576 8,231 8,483
21,601 8,231 8,434
21,626 8,098 8,264
21,651 7,920 8,069
21,676 7,654 7,754
21,701 7,321 7,389
21,726 6,921 6,976
21,751 6,499 6,514
21,776 5,966 5,907
21,801 5,411 5,324
21,826 4,768 4,643
21,851 4,102 3,963
21,876 3,391 3,185
21,901 2,681 2,432
21,926 1,904 1,606
21,951 1,127 0,804
21,976 0,328 -0,022
22,001 -0,449 -0,800
22,026 -1,249 -1,626
22,051 -2,003 -2,404
22,076 -2,803 -3,206
22,101 -3,491 -3,910
22,126 -4,201 -4,615
22,151 -4,823 -5,271
22,176 -5,467 -5,903
22,201 -5,999 -6,413
22,226 -6,510 -6,924
22,251 -6,910 -7,337
22,276 -7,287 -7,725
22,301 -7,576 -7,968
22,326 -7,820 -8,187
22,351 -7,975 -8,333
22,376 -8,086 -8,382
22,401 -8,064 -8,382
22,426 -8,020 -8,309
22,451 -7,864 -8,114
22,476 -7,664 -7,847
22,501 -7,354 -7,531
22,526 -7,021 -7,142
22,551 -6,577 -6,656
22,576 -6,133 -6,170
22,601 -5,578 -5,587
22,626 -4,978 -4,980
22,651 -4,334 -4,251
22,676 -3,691 -3,570
22,701 -2,936 -2,817
22,726 -2,203 -2,064
22,751 -1,426 -1,237
22,776 -0,671 -0,436
22,801 0,128 0,391
22,826 0,905 1,193
22,851 1,726 1,994
22,876 2,459 2,772
22,901 3,214 3,525
22,926 3,902 4,230
22,951 4,590 4,935
22,976 5,212 5,567
23,001 5,811 6,198
23,026 6,344 6,684
23,051 6,832 7,146
23,076 7,210 7,535
23,101 7,587 7,875
23,126 7,831 8,094
23,151 8,075 8,288
23,176 8,164 8,385
23,201 8,231 8,434
23,226 8,209 8,361
23,251 8,098 8,240
23,276 7,920 8,021
23,301 7,676 7,754
23,326 7,321 7,389
23,351 6,943 6,976
23,376 6,477 6,466
23,401 5,966 5,955
23,426 5,389 5,348
23,451 4,768 4,692
23,476 4,079 3,987
23,501 3,391 3,234
23,526 2,659 2,480
23,551 1,904 1,703
23,576 1,127 0,877
23,601 0,372 0,075
23,626 -0,449 -0,751
23,651 -1,226 -1,529
23,676 -2,026 -2,331
23,701 -2,780 -3,084
23,726 -3,491 -3,837
23,751 -4,201 -4,518
23,776 -4,845 -5,174
23,801 -5,422 -5,781
23,826 -5,977 -6,340
23,851 -6,466 -6,826
23,876 -6,887 -7,264
23,901 -7,265 -7,604
23,926 -7,553 -7,896
23,951 -7,798 -8,114
23,976 -7,975 -8,284
24,001 -8,042 -8,333
24,026 -8,042 -8,333
24,051 -7,975 -8,260
24,076 -7,842 -8,090
24,101 -7,620 -7,823
24,126 -7,354 -7,507
24,151 -6,998 -7,118
24,176 -6,621 -6,681
24,201 -6,110 -6,195
24,226 -5,578 -5,611
24,251 -4,978 -5,004
24,276 -4,357 -4,324
24,301 -3,668 -3,595
24,326 -2,980 -2,841
24,351 -2,225 -2,088
24,376 -1,448 -1,286
24,401 -0,671 -0,508
24,426 0,106 0,318
24,451 0,883 1,095
24,476 1,682 1,897
24,501 2,437 2,675
24,526 3,147 3,477
24,551 3,880 4,181
24,576 4,568 4,838
24,601 5,189 5,469
24,626 5,789 6,053
24,651 6,322 6,587
24,676 6,788 7,049
24,701 7,210 7,438
24,726 7,543 7,778
24,751 7,809 8,021
24,776 8,031 8,215
24,801 8,142 8,337
24,826 8,186 8,410
24,851 8,142 8,312
24,876 8,053 8,215
24,901 7,876 7,997
24,926 7,631 7,729
24,951 7,298 7,389
24,976 6,899 6,976
25,001 6,433 6,490
25,026 5,966 5,955
25,051 5,367 5,348
25,076 4,768 4,716
25,101 4,057 4,036
25,126 3,391 3,307
25,151 2,681 2,553
25,176 1,926 1,776
25,201 1,127 0,950
25,226 0,350 0,172
25,251 -0,449 -0,630
25,276 -1,226 -1,456
25,301 -2,003 -2,234
25,326 -2,758 -2,987
25,351 -3,491 -3,716
25,376 -4,157 -4,396
25,401 -4,801 -5,077
25,426 -5,400 -5,684
25,451 -5,955 -6,268
25,476 -6,421 -6,729
25,501 -6,843 -7,167
25,526 -7,220 -7,531
25,551 -7,509 -7,823
25,576 -7,753 -8,066
25,601 -7,909 -8,260
25,626 -7,997 -8,284
25,651 -8,020 -8,309
25,676 -7,953 -8,187
25,701 -7,820 -8,041
25,726 -7,620 -7,774
25,751 -7,354 -7,507
25,776 -6,976 -7,142
25,801 -6,577 -6,729
25,826 -6,066 -6,195
25,851 -5,533 -5,636
25,876 -4,956 -5,004
25,901 -4,334 -4,372
25,926 -3,668 -3,643
25,951 -2,980 -2,938
25,976 -2,225 -2,161
26,001 -1,448 -1,383
26,026 -0,671 -0,581
26,051 0,106 0,221
26,076 0,905 1,022
26,101 1,682 1,800
26,126 2,437 2,578
26,151 3,147 3,331
26,176 3,880 4,060
26,201 4,546 4,765
26,226 5,189 5,396
26,251 5,744 5,980
26,276 6,299 6,514
26,301 6,766 6,976
26,326 7,187 7,365
26,351 7,498 7,705
26,376 7,809 7,997
26,401 7,987 8,167
26,426 8,120 8,288
26,451 8,142 8,312
26,476 8,120 8,312
26,501 8,031 8,167
26,526 7,853 7,997
26,551 7,587 7,705
26,576 7,276 7,389
26,601 6,854 7,000
26,626 6,433 6,539
26,651 5,900 5,980
26,676 5,345 5,421
26,701 4,701 4,765
26,726 4,079 4,109
26,751 3,369 3,355
26,776 2,659 2,626
26,801 1,882 1,824
26,826 1,127 1,047
26,851 0,350 0,221
26,876 -0,427 -0,557
26,901 -1,226 -1,359
26,926 -1,959 -2,088
26,951 -2,736 -2,865
26,976 -3,424 -3,619
27,001 -4,135 -4,324
27,026 -4,778 -4,955
27,051 -5,378 -5,587
27,076 -5,888 -6,146
27,101 -6,377 -6,656
27,126 -6,799 -7,069
27,151 -7,176 -7,482
27,176 -7,487 -7,774
27,201 -7,731 -7,993
27,226 -7,864 -8,139
27,251 -7,931 -8,236
27,276 -7,975 -8,211
27,301 -7,931 -8,163
27,326 -7,753 -8,017
27,351 -7,576 -7,774
27,376 -7,265 -7,482
27,401 -6,976 -7,142
27,426 -6,532 -6,681
27,451 -6,066 -6,219
27,476 -5,511 -5,660
27,501 -4,956 -5,053
27,526 -4,312 -4,372
27,551 -3,646 -3,716
27,576 -2,936 -2,987
27,601 -2,203 -2,234
27,626 -1,448 -1,432
27,651 -0,671 -0,654
27,676 0,128 0,148
27,701 0,883 0,925
27,726 1,660 1,727
27,751 2,414 2,505
27,776 3,169 3,258
27,801 3,835 3,963
27,826 4,501 4,667
27,851 5,145 5,299
27,876 5,744 5,907
27,901 6,255 6,417
27,926 6,743 6,903
27,951 7,121 7,292
27,976 7,476 7,656
28,001 7,742 7,924
28,026 7,942 8,118
28,051 8,053 8,240
28,076 8,098 8,288
28,101 8,075 8,264
28,126 8,009 8,167
28,151 7,809 7,972
28,176 7,543 7,729
28,201 7,210 7,389
28,226 6,854 7,000
28,251 6,410 6,514
28,276 5,900 6,028
28,301 5,323 5,421
28,326 4,723 4,789
28,351 4,035 4,133
28,376 3,369 3,404
28,401 2,636 2,626
28,426 1,904 1,897
28,451 1,149 1,071
28,476 0,350 0,342
28,501 -0,427 -0,484
28,526 -1,182 -1,262
28,551 -1,981 -2,064
28,576 -2,714 -2,817
28,601 -3,424 -3,546
28,626 -4,090 -4,226
28,651 -4,734 -4,882
28,676 -5,311 -5,490
28,701 -5,888 -6,097
28,726 -6,355 -6,559
28,751 -6,776 -7,021
28,776 -7,132 -7,361
28,801 -7,465 -7,701
28,826 -7,664 -7,944
28,851 -7,798 -8,114
28,876 -7,886 -8,163
28,901 -7,931 -8,211
28,926 -7,864 -8,139
28,951 -7,731 -8,017
28,976 -7,509 -7,750
29,001 -7,243 -7,507
29,026 -6,887 -7,142
29,051 -6,466 -6,729
29,076 -6,044 -6,219
29,101 -5,489 -5,709
29,126 -4,889 -5,101
29,151 -4,290 -4,494
29,176 -3,602 -3,765
29,201 -2,936 -3,060
29,226 -2,203 -2,282
29,251 -1,448 -1,553
29,276 -0,671 -0,727
29,301 0,083 0,050
29,326 0,883 0,828
29,351 1,637 1,630
29,376 2,392 2,408
29,401 3,125 3,161
29,426 3,835 3,890
29,451 4,479 4,570
29,476 5,101 5,226
29,501 5,678 5,785
29,526 6,233 6,320
29,551 6,655 6,806
29,576 7,076 7,243
29,601 7,409 7,583
29,626 7,698 7,875
29,651 7,876 8,045
29,676 8,031 8,215
29,701 8,053 8,215
29,726 8,031 8,215
29,751 7,920 8,118
29,776 7,765 7,972
29,801 7,498 7,705
29,826 7,210 7,413
29,851 6,788 7,025
29,876 6,366 6,587
29,901 5,855 6,053
29,926 5,300 5,469
29,951 4,679 4,838
29,976 4,013 4,206
30,001 3,325 3,477
30,026 2,614 2,748
30,051 1,882 1,970
30,076 1,149 1,193
30,101 0,350 0,391
30,126 -0,427 -0,387
30,151 -1,204 -1,189
30,176 -1,937 -1,918
30,201 -2,692 -2,720
30,226 -3,380 -3,424
30,251 -4,090 -4,129
30,276 -4,690 -4,785
30,301 -5,267 -5,417
30,326 -5,822 -5,952
30,351 -6,332 -6,510
30,376 -6,754 -6,924
30,401 -7,087 -7,337
30,426 -7,376 -7,628
30,451 -7,620 -7,896
30,476 -7,775 -8,041
30,501 -7,886 -8,163
30,526 -7,864 -8,187
30,551 -7,864 -8,114
30,576 -7,687 -7,968
30,601 -7,487 -7,798
30,626 -7,176 -7,482
30,651 -6,843 -7,167
30,676 -6,443 -6,753
30,701 -5,977 -6,292
30,726 -5,444 -5,733
30,751 -4,912 -5,125
30,776 -4,268 -4,494
30,801 -3,624 -3,813
30,826 -2,936 -3,084
30,851 -2,203 -2,355
30,876 -1,426 -1,602
30,901 -0,671 -0,824
30,926 0,106 -0,022
30,951 0,860 0,755
30,976 1,637 1,557
31,001 2,370 2,310
31,026 3,103 3,039
31,051 3,791 3,768
31,076 4,435 4,473
31,101 5,056 5,081
31,126 5,656 5,712
31,151 6,144 6,247
31,176 6,632 6,733
31,201 7,010 7,146
31,226 7,365 7,511
31,251 7,609 7,802
31,276 7,831 7,997
31,301 7,964 8,118
31,326 8,009 8,191
31,351 7,964 8,191
31,376 7,876 8,094
31,401 7,698 7,924
31,426 7,454 7,681
31,451 7,143 7,365
31,476 6,743 7,025
31,501 6,322 6,587
31,526 5,833 6,077
31,551 5,234 5,494
31,576 4,657 4,886
31,601 4,013 4,254
31,626 3,325 3,525
31,651 2,614 2,796
31,676 1,882 2,043
31,701 1,127 1,265
31,726 0,350 0,464
31,751 -0,405 -0,314
31,776 -1,182 -1,092
31,801 -1,915 -1,869
31,826 -2,647 -2,647
31,851 -3,358 -3,376
31,876 -4,046 -4,080
31,901 -4,667 -4,737
31,926 -5,222 -5,368
31,951 -5,777 -5,903
31,976 -6,266 -6,438
32,001 -6,665 -6,899
32,026 -7,043 -7,288
32,051 -7,331 -7,604
32,076 -7,553 -7,847
32,101 -7,731 -8,017
32,126 -7,798 -8,139
32,151 -7,820 -8,139
32,176 -7,775 -8,090
32,201 -7,598 -7,968
32,226 -7,420 -7,774
32,251 -7,132 -7,507
32,276 -6,821 -7,167
32,301 -6,399 -6,778
32,326 -5,933 -6,292
32,351 -5,422 -5,757
32,376 -4,867 -5,174
32,401 -4,268 -4,542
32,426 -3,624 -3,886
32,451 -2,891 -3,157
32,476 -2,203 -2,452
32,501 -1,426 -1,651
32,526 -0,694 -0,873
32,551 0,061 -0,095
32,576 0,838 0,682
32,601 1,615 1,484
32,626 2,348 2,237
32,651 3,058 2,991
32,676 3,746 3,720
32,701 4,435 4,425
32,726 5,012 5,056
32,751 5,633 5,664
32,776 6,122 6,198
32,801 6,588 6,709
32,826 6,965 7,122
32,851 7,321 7,462
32,876 7,565 7,729
32,901 7,787 7,997
32,926 7,876 8,118
32,951 7,942 8,191
32,976 7,920 8,191
33,001 7,831 8,118
33,026 7,654 7,948
33,051 7,409 7,729
33,076 7,076 7,389
33,101 6,699 7,049
33,126 6,255 6,611
33,151 5,789 6,125
33,176 5,212 5,518
33,201 4,634 4,959
33,226 3,991 4,303
33,251 3,325 3,598
33,276 2,592 2,845
33,301 1,904 2,116
33,326 1,127 1,338
33,351 0,350 0,561
33,376 -0,405 -0,241
33,401 -1,115 -1,019
33,426 -1,892 -1,796
33,451 -2,603 -2,550
33,476 -3,313 -3,279
33,501 -3,957 -3,959
33,526 -4,601 -4,664
33,551 -5,156 -5,271
33,576 -5,733 -5,854
33,601 -6,199 -6,365
33,626 -6,621 -6,851
33,651 -6,954 -7,215
33,676 -7,265 -7,555
33,701 -7,487 -7,798
33,726 -7,642 -7,993
33,751 -7,709 -8,090
33,776 -7,731 -8,139
33,801 -7,687 -8,066
33,826 -7,553 -7,968
33,851 -7,331 -7,774
33,876 -7,065 -7,531
33,901 -6,710 -7,167
33,926 -6,355 -6,802
33,951 -5,866 -6,316
33,976 -5,378 -5,806
34,001 -4,823 -5,223
34,026 -4,246 -4,615
34,051 -3,557 -3,935
34,076 -2,891 -3,230
34,101 -2,181 -2,477
34,126 -1,426 -1,748
34,151 -0,694 -0,946
34,176 0,061 -0,193
34,201 0,816 0,634
34,226 1,549 1,387
34,251 2,326 2,165
34,276 3,036 2,918
34,301 3,702 3,671
34,326 4,346 4,327
34,351 4,967 4,983
34,376 5,522 5,591
34,401 6,033 6,174
34,426 6,521 6,611
34,451 6,921 7,049
34,476 7,210 7,413
34,501 7,520 7,754
34,526 7,676 7,948
34,551 7,831 8,094
34,576 7,876 8,142
34,601 7,876 8,167
34,626 7,742 8,094
34,651 7,587 7,972
34,676 7,343 7,705
34,701 7,054 7,413
34,726 6,677 7,025
34,751 6,233 6,636
34,776 5,744 6,150
34,801 5,234 5,591
34,826 4,612 4,983
34,851 3,946 4,352
34,876 3,280 3,623
34,901 2,592 2,918
34,926 1,837 2,165
34,951 1,127 1,411
34,976 0,372 0,609
35,001 -0,361 -0,168
35,026 -1,115 -0,946
35,051 -1,848 -1,723
35,076 -2,581 -2,501
35,101 -3,269 -3,206
35,126 -3,957 -3,935
35,151 -4,579 -4,591
35,176 -5,134 -5,223
35,201 -5,666 -5,757
35,226 -6,133 -6,316
35,251 -6,532 -6,753
35,276 -6,910 -7,167
35,301 -7,176 -7,458
35,326 -7,420 -7,774
35,351 -7,553 -7,944
35,376 -7,664 -8,066
35,401 -7,687 -8,090
35,426 -7,642 -8,066
35,451 -7,465 -7,944
35,476 -7,287 -7,774
35,501 -7,021 -7,531
35,526 -6,688 -7,215
35,551 -6,266 -6,802
35,576 -5,844 -6,340
35,601 -5,333 -5,830
35,626 -4,801 -5,271
35,651 -4,157 -4,639
35,676 -3,557 -3,983
35,701 -2,847 -3,254
35,726 -2,159 -2,550
35,751 -1,404 -1,796
35,776 -0,694 -1,019
35,801 0,061 -0,217
35,826 0,816 0,536
35,851 1,571 1,338
35,876 2,281 2,116
35,901 2,992 2,869
35,926 3,680 3,598
35,951 4,324 4,279
35,976 4,901 4,910
36,001 5,478 5,542
36,026 5,966 6,077
36,051 6,455 6,587
36,076 6,832 7,000
36,101 7,187 7,389
36,126 7,432 7,656
36,151 7,631 7,924
36,176 7,742 8,069
36,201 7,809 8,167
36,226 7,787 8,167
36,251 7,698 8,094
36,276 7,520 7,924
36,301 7,298 7,754
36,326 6,965 7,438
36,351 6,632 7,073
36,376 6,188 6,636
36,401 5,722 6,198
36,426 5,145 5,615
36,451 4,590 5,032
36,476 3,946 4,376
36,501 3,280 3,695
36,526 2,592 2,966
36,551 1,904 2,237
36,576 1,149 1,460
36,601 0,416 0,682
36,626 -0,361 -0,120
36,651 -1,093 -0,897
36,676 -1,826 -1,675
36,701 -2,536 -2,428
36,726 -3,247 -3,157
36,751 -3,913 -3,862
36,776 -4,512 -4,566
36,801 -5,067 -5,174
36,826 -5,600 -5,757
36,851 -6,044 -6,268
36,876 -6,488 -6,753
36,901 -6,821 -7,142
36,926 -7,132 -7,482
36,951 -7,354 -7,725
36,976 -7,509 -7,920
37,001 -7,598 -8,041
37,026 -7,620 -8,090
37,051 -7,576 -8,090
37,076 -7,442 -7,968
37,101 -7,220 -7,798
37,126 -6,998 -7,580
37,151 -6,643 -7,239
37,176 -6,266 -6,851
37,201 -5,800 -6,413
37,226 -5,311 -5,879
37,251 -4,756 -5,320
37,276 -4,179 -4,688
37,301 -3,535 -4,032
37,326 -2,869 -3,351
37,351 -2,181 -2,623
37,376 -1,448 -1,869
37,401 -0,716 -1,092
37,426 0,017 -0,314
37,451 0,772 0,488
37,476 1,482 1,265
37,501 2,215 2,043
37,526 2,903 2,772
37,551 3,591 3,525
37,576 4,213 4,230
37,601 4,834 4,862
37,626 5,367 5,469
37,651 5,900 6,028
37,676 6,344 6,539
37,701 6,743 6,976
37,726 7,076 7,365
37,751 7,321 7,681
37,776 7,520 7,899
37,801 7,654 8,069
37,826 7,720 8,118
37,851 7,698 8,142
37,876 7,609 8,094
37,901 7,432 7,948
37,926 7,210 7,729
37,951 6,921 7,438
37,976 6,566 7,097
38,001 6,144 6,660
38,026 5,656 6,198
38,051 5,101 5,639
38,076 4,546 5,056
38,101 3,902 4,425
38,126 3,258 3,720
38,151 2,570 2,991
38,176 1,882 2,262
38,201 1,149 1,508
38,226 0,439 0,731
38,251 -0,338 -0,047
38,276 -1,049 -0,824
38,301 -1,781 -1,626
38,326 -2,492 -2,380
38,351 -3,158 -3,133
38,376 -3,824 -3,837
38,401 -4,445 -4,494
38,426 -4,978 -5,150
38,451 -5,533 -5,709
38,476 -5,999 -6,219
38,501 -6,399 -6,705
38,526 -6,754 -7,094
38,551 -7,065 -7,458
38,576 -7,287 -7,701
38,601 -7,420 -7,944
38,626 -7,509 -8,041
38,651 -7,531 -8,090
38,676 -7,465 -8,066
38,701 -7,331 -7,993
38,726 -7,132 -7,774
38,751 -6,910 -7,555
38,776 -6,577 -7,239
38,801 -6,199 -6,875
38,826 -5,755 -6,389
38,851 -5,267 -5,903
38,876 -4,712 -5,320
38,901 -4,157 -4,737
38,926 -3,535 -4,032
38,951 -2,891 -3,376
38,976 -2,159 -2,623
39,001 -1,448 -1,893
39,026 -0,716 -1,092
39,051 -0,005 -0,338
39,076 0,749 0,439
39,101 1,482 1,217
39,126 2,192 2,019
39,151 2,858 2,748
39,176 3,547 3,501
39,201 4,168 4,181
39,226 4,745 4,813
39,251 5,300 5,421
39,276 5,833 6,004
39,301 6,255 6,466
39,326 6,655 6,952
39,351 6,988 7,316
39,376 7,254 7,608
39,401 7,454 7,851
39,426 7,587 8,045
39,451 7,654 8,094
39,476 7,631 8,142
39,501 7,520 8,094
39,526 7,365 7,972
39,551 7,165 7,754
39,576 6,899 7,486
39,601 6,521 7,122
39,626 6,122 6,733
39,651 5,633 6,247
39,676 5,123 5,737
39,701 4,546 5,129
39,726 3,924 4,473
39,751 3,280 3,793
39,776 2,636 3,088
39,801 1,904 2,335
39,826 1,216 1,581
39,851 0,483 0,779
39,876 -0,250 0,026
39,901 -0,982 -0,776
39,926 -1,715 -1,529
39,951 -2,425 -2,307
39,976 -3,047 -3,036
40,001 -3,713 -3,765
40,026 -4,334 -4,421
40,051 -4,912 -5,077
40,076 -5,400 -5,636
40,101 -5,888 -6,195
40,126 -6,288 -6,656
40,151 -6,643 -7,094
40,176 -6,932 -7,385
40,201 -7,176 -7,701
40,226 -7,331 -7,871
40,251 -7,442 -8,041
40,276 -7,465 -8,090
40,301 -7,420 -8,066
40,326 -7,287 -7,968
40,351 -7,109 -7,823
40,376 -6,843 -7,555
40,401 -6,577 -7,264
