Pendel 1 in Ruhe
Pendel 2 ausgelenkt0,025 4,235 -2,738
0,050 4,568 -2,034
0,075 4,656 -1,329
0,100 4,745 -0,649
0,125 4,679 0,056
0,150 4,612 0,761
0,175 4,479 1,417
0,200 4,301 2,146
0,225 4,057 2,802
0,250 3,813 3,507
0,275 3,502 4,138
0,300 3,191 4,746
0,325 2,814 5,281
0,350 2,414 5,815
0,375 1,992 6,204
0,400 1,615 6,568
0,425 1,193 6,836
0,450 0,771 7,103
0,475 0,327 7,225
0,500 -0,006 7,273
0,525 -0,405 7,273
0,551 -0,827 7,152
0,576 -1,160 6,982
0,601 -1,515 6,739
0,626 -1,826 6,398
0,651 -2,092 5,961
0,676 -2,314 5,499
0,701 -2,536 4,940
0,726 -2,692 4,357
0,751 -2,803 3,677
0,776 -2,869 2,996
0,801 -2,936 2,267
0,826 -2,936 1,490
0,851 -2,958 0,688
0,876 -2,847 -0,138
0,901 -2,781 -0,940
0,926 -2,692 -1,742
0,951 -2,536 -2,520
0,976 -2,337 -3,322
1,001 -2,137 -4,051
1,026 -1,937 -4,755
1,051 -1,715 -5,387
1,076 -1,515 -5,970
1,101 -1,293 -6,456
1,126 -1,071 -6,894
1,151 -0,827 -7,282
1,176 -0,627 -7,525
1,201 -0,405 -7,744
1,226 -0,205 -7,866
1,251 -0,028 -7,866
1,276 0,128 -7,768
1,301 0,261 -7,623
1,326 0,394 -7,380
1,351 0,483 -7,015
1,376 0,572 -6,602
1,401 0,616 -6,092
1,426 0,660 -5,509
1,451 0,660 -4,853
1,476 0,638 -4,099
1,501 0,616 -3,394
1,526 0,572 -2,568
1,551 0,505 -1,718
1,576 0,461 -0,867
1,601 0,372 -0,017
1,626 0,283 0,882
1,651 0,216 1,708
1,676 0,150 2,583
1,701 0,061 3,361
1,726 0,017 4,163
1,751 -0,050 4,867
1,776 -0,117 5,548
1,801 -0,139 6,131
1,826 -0,139 6,666
1,851 -0,183 7,152
1,876 -0,161 7,540
1,901 -0,161 7,808
1,926 -0,117 8,051
1,951 -0,094 8,172
1,976 -0,006 8,221
2,001 0,061 8,172
2,026 0,105 8,051
2,051 0,216 7,783
2,076 0,350 7,468
2,101 0,461 7,030
2,126 0,616 6,593
2,151 0,749 6,058
2,176 0,860 5,475
2,201 0,993 4,746
2,226 1,149 4,041
2,251 1,238 3,264
2,276 1,393 2,486
2,301 1,460 1,636
2,326 1,548 0,785
2,351 1,615 -0,065
2,376 1,726 -0,892
2,401 1,726 -1,718
2,426 1,770 -2,520
2,451 1,748 -3,297
2,476 1,704 -4,002
2,501 1,637 -4,707
2,526 1,548 -5,290
2,551 1,437 -5,873
2,576 1,282 -6,359
2,601 1,038 -6,772
2,626 0,860 -7,064
2,651 0,594 -7,282
2,676 0,327 -7,380
2,701 0,017 -7,453
2,726 -0,250 -7,428
2,751 -0,605 -7,331
2,776 -0,916 -7,112
2,801 -1,271 -6,845
2,826 -1,582 -6,481
2,851 -1,959 -6,043
2,876 -2,270 -5,533
2,901 -2,603 -4,998
2,926 -2,892 -4,318
2,951 -3,180 -3,710
2,976 -3,380 -3,006
3,001 -3,602 -2,301
3,026 -3,780 -1,572
3,051 -3,913 -0,843
3,076 -3,979 -0,041
3,101 -4,046 0,688
3,126 -4,024 1,393
3,151 -4,002 2,097
3,176 -3,891 2,778
3,201 -3,757 3,409
3,226 -3,535 4,017
3,251 -3,313 4,552
3,276 -3,003 5,038
3,301 -2,670 5,451
3,326 -2,314 5,839
3,351 -1,915 6,107
3,376 -1,471 6,350
3,401 -1,049 6,471
3,426 -0,538 6,544
3,451 -0,050 6,520
3,476 0,483 6,471
3,501 0,993 6,301
3,526 1,526 6,131
3,551 2,015 5,815
3,576 2,525 5,499
3,601 2,969 5,086
3,626 3,435 4,673
3,651 3,902 4,163
3,676 4,301 3,628
3,701 4,634 3,069
3,726 4,945 2,462
3,751 5,167 1,854
3,776 5,367 1,271
3,801 5,522 0,664
3,826 5,611 0,056
3,851 5,611 -0,551
3,876 5,567 -1,110
3,901 5,389 -1,694
3,926 5,211 -2,179
3,951 4,923 -2,665
3,976 4,634 -3,079
4,001 4,257 -3,467
4,026 3,813 -3,783
4,051 3,280 -4,075
4,076 2,769 -4,269
4,101 2,126 -4,439
4,126 1,504 -4,537
4,151 0,838 -4,609
4,176 0,172 -4,585
4,201 -0,516 -4,512
4,226 -1,182 -4,391
4,251 -1,870 -4,245
4,276 -2,536 -4,002
4,301 -3,202 -3,759
4,326 -3,824 -3,467
4,351 -4,423 -3,176
4,376 -4,934 -2,836
4,401 -5,422 -2,471
4,426 -5,866 -2,058
4,451 -6,222 -1,694
4,476 -6,510 -1,280
4,501 -6,777 -0,892
4,526 -6,932 -0,454
4,551 -7,021 -0,065
4,576 -6,976 0,299
4,601 -6,932 0,664
4,626 -6,754 1,028
4,651 -6,555 1,344
4,676 -6,244 1,660
4,701 -5,889 1,903
4,726 -5,445 2,170
4,751 -4,934 2,340
4,776 -4,357 2,510
4,801 -3,757 2,632
4,826 -3,069 2,753
4,851 -2,403 2,753
4,876 -1,604 2,802
4,901 -0,871 2,802
4,926 -0,072 2,753
4,951 0,683 2,656
4,976 1,482 2,583
5,001 2,237 2,437
5,026 3,014 2,292
5,051 3,702 2,097
5,076 4,390 1,951
5,101 5,012 1,733
5,126 5,611 1,514
5,151 6,122 1,295
5,176 6,610 1,101
5,201 6,965 0,858
5,226 7,254 0,688
5,251 7,476 0,493
5,276 7,609 0,323
5,301 7,631 0,178
5,326 7,587 0,056
5,351 7,454 -0,114
5,376 7,209 -0,211
5,401 6,876 -0,308
5,426 6,499 -0,357
5,451 6,033 -0,430
5,476 5,478 -0,430
5,501 4,834 -0,430
5,526 4,168 -0,430
5,551 3,435 -0,406
5,576 2,703 -0,308
5,601 1,904 -0,284
5,626 1,127 -0,211
5,651 0,261 -0,163
5,676 -0,538 -0,090
5,701 -1,338 -0,065
5,726 -2,159 0,056
5,751 -2,980 0,105
5,776 -3,669 0,178
5,801 -4,401 0,202
5,826 -5,045 0,251
5,851 -5,667 0,251
5,876 -6,177 0,275
5,901 -6,621 0,226
5,926 -6,999 0,226
5,951 -7,309 0,178
5,976 -7,531 0,153
6,001 -7,687 0,056
6,026 -7,709 0,007
6,051 -7,731 -0,090
6,076 -7,620 -0,163
6,101 -7,420 -0,308
6,126 -7,132 -0,454
6,151 -6,777 -0,576
6,176 -6,333 -0,697
6,201 -5,866 -0,892
6,226 -5,289 -1,013
6,251 -4,668 -1,159
6,276 -4,002 -1,305
6,301 -3,291 -1,475
6,326 -2,536 -1,572
6,351 -1,759 -1,694
6,376 -0,938 -1,766
6,401 -0,161 -1,839
6,426 0,660 -1,912
6,451 1,415 -1,961
6,476 2,214 -1,961
6,501 2,925 -1,961
6,526 3,635 -1,888
6,551 4,279 -1,815
6,576 4,923 -1,694
6,601 5,456 -1,596
6,626 5,922 -1,353
6,651 6,299 -1,159
6,676 6,632 -0,916
6,701 6,876 -0,673
6,726 7,032 -0,357
6,751 7,098 -0,065
6,776 7,121 0,275
6,801 6,987 0,615
6,826 6,832 0,955
6,851 6,566 1,344
6,876 6,277 1,708
6,901 5,833 2,073
6,926 5,411 2,413
6,951 4,856 2,753
6,976 4,301 3,094
7,001 3,680 3,361
7,026 3,058 3,652
7,051 2,370 3,871
7,076 1,682 4,066
7,101 0,971 4,187
7,126 0,283 4,284
7,151 -0,405 4,333
7,176 -1,093 4,357
7,201 -1,759 4,284
7,226 -2,381 4,187
7,251 -3,025 4,041
7,276 -3,558 3,823
7,301 -4,090 3,555
7,326 -4,512 3,288
7,351 -4,934 2,948
7,376 -5,267 2,559
7,401 -5,556 2,122
7,426 -5,778 1,708
7,451 -5,955 1,222
7,476 -6,022 0,712
7,501 -6,044 0,178
7,526 -5,977 -0,357
7,551 -5,866 -0,916
7,576 -5,689 -1,426
7,601 -5,445 -2,009
7,626 -5,134 -2,520
7,651 -4,801 -3,054
7,676 -4,379 -3,516
7,701 -3,957 -4,002
7,726 -3,469 -4,366
7,751 -2,958 -4,755
7,776 -2,425 -5,071
7,801 -1,870 -5,363
7,826 -1,293 -5,582
7,851 -0,760 -5,727
7,876 -0,161 -5,776
7,901 0,372 -5,800
7,926 0,949 -5,776
7,951 1,437 -5,679
7,976 1,948 -5,484
8,001 2,392 -5,241
8,026 2,792 -4,877
8,051 3,125 -4,488
8,076 3,458 -4,026
8,101 3,680 -3,540
8,126 3,924 -2,981
8,151 4,079 -2,374
8,176 4,168 -1,694
8,201 4,235 -1,062
8,226 4,235 -0,357
8,251 4,190 0,348
8,276 4,079 1,101
8,301 3,924 1,781
8,326 3,746 2,510
8,351 3,480 3,191
8,376 3,258 3,823
8,401 2,947 4,454
8,426 2,681 5,038
8,451 2,325 5,548
8,476 1,992 6,034
8,501 1,615 6,423
8,526 1,260 6,763
8,551 0,882 7,006
8,576 0,527 7,225
8,601 0,172 7,297
8,626 -0,183 7,322
8,651 -0,516 7,273
8,676 -0,827 7,152
8,701 -1,116 6,909
8,726 -1,404 6,666
8,751 -1,671 6,253
8,776 -1,848 5,815
8,801 -2,026 5,305
8,826 -2,181 4,722
8,851 -2,292 4,066
8,876 -2,381 3,409
8,901 -2,448 2,680
8,926 -2,448 1,951
8,951 -2,470 1,150
8,976 -2,403 0,348
9,001 -2,359 -0,454
9,026 -2,248 -1,256
9,051 -2,137 -2,058
9,076 -1,981 -2,860
9,101 -1,848 -3,565
9,126 -1,648 -4,318
9,151 -1,471 -4,974
9,176 -1,271 -5,582
9,201 -1,116 -6,116
9,226 -0,916 -6,602
9,251 -0,760 -7,015
9,276 -0,561 -7,355
9,301 -0,383 -7,574
9,326 -0,250 -7,720
9,351 -0,139 -7,768
9,376 -0,028 -7,744
9,401 0,083 -7,647
9,426 0,150 -7,404
9,451 0,239 -7,112
9,476 0,283 -6,772
9,501 0,283 -6,286
9,526 0,283 -5,752
9,551 0,261 -5,168
9,576 0,239 -4,464
9,601 0,194 -3,735
9,626 0,150 -2,981
9,651 0,083 -2,179
9,676 0,039 -1,378
9,701 -0,028 -0,527
9,726 -0,094 0,323
9,751 -0,183 1,150
9,776 -0,250 2,000
9,801 -0,316 2,826
9,826 -0,339 3,555
9,851 -0,405 4,333
9,876 -0,427 5,013
9,901 -0,427 5,621
9,926 -0,427 6,180
9,951 -0,383 6,690
9,976 -0,383 7,127
10,001 -0,339 7,468
10,026 -0,272 7,711
10,051 -0,161 7,905
10,076 -0,050 7,978
10,101 0,017 8,002
10,126 0,150 7,881
10,151 0,305 7,711
10,176 0,438 7,419
10,201 0,616 7,079
10,226 0,749 6,666
10,251 0,927 6,180
10,276 1,082 5,621
10,301 1,215 5,013
10,326 1,371 4,357
10,351 1,571 3,604
10,376 1,704 2,851
10,401 1,837 2,073
10,426 1,948 1,247
10,451 2,037 0,469
10,476 2,103 -0,381
10,501 2,126 -1,159
10,526 2,103 -1,961
10,551 2,126 -2,738
10,576 2,081 -3,467
10,601 2,015 -4,099
10,626 1,881 -4,755
10,651 1,770 -5,290
10,676 1,571 -5,824
10,701 1,371 -6,238
10,726 1,127 -6,602
10,751 0,860 -6,845
10,776 0,549 -7,015
10,801 0,261 -7,088
10,826 -0,072 -7,137
10,851 -0,450 -7,039
10,876 -0,827 -6,918
10,901 -1,182 -6,651
10,926 -1,582 -6,383
10,951 -1,937 -5,970
10,976 -2,292 -5,557
11,001 -2,647 -5,047
11,026 -2,958 -4,512
11,051 -3,247 -3,880
11,076 -3,513 -3,273
11,101 -3,757 -2,568
11,126 -3,979 -1,888
11,151 -4,113 -1,183
11,176 -4,201 -0,503
11,201 -4,268 0,202
11,226 -4,335 0,882
11,251 -4,268 1,587
11,276 -4,201 2,219
11,301 -4,068 2,826
11,326 -3,868 3,385
11,351 -3,624 3,944
11,376 -3,380 4,430
11,401 -3,047 4,892
11,426 -2,647 5,232
11,451 -2,270 5,572
11,476 -1,826 5,791
11,501 -1,315 5,961
11,526 -0,871 6,058
11,551 -0,339 6,107
11,576 0,172 6,058
11,601 0,727 5,985
11,626 1,260 5,815
11,651 1,837 5,596
11,676 2,325 5,305
11,701 2,836 4,989
11,726 3,302 4,576
11,751 3,813 4,163
11,776 4,190 3,652
11,801 4,612 3,166
11,826 4,945 2,608
11,851 5,234 2,073
11,876 5,433 1,514
11,901 5,633 0,979
11,926 5,744 0,372
11,951 5,766 -0,114
11,976 5,744 -0,697
12,001 5,655 -1,208
12,026 5,478 -1,694
12,051 5,278 -2,131
12,076 4,945 -2,544
12,101 4,590 -2,933
12,126 4,168 -3,249
12,151 3,680 -3,516
12,176 3,125 -3,759
12,201 2,570 -3,880
12,226 1,926 -4,026
12,251 1,304 -4,075
12,276 0,594 -4,099
12,301 -0,072 -4,075
12,326 -0,783 -4,026
12,351 -1,471 -3,880
12,376 -2,181 -3,735
12,401 -2,825 -3,492
12,426 -3,491 -3,249
12,451 -4,090 -2,981
12,476 -4,668 -2,714
12,501 -5,178 -2,374
12,526 -5,644 -2,058
12,551 -6,044 -1,694
12,576 -6,399 -1,353
12,601 -6,643 -0,989
12,626 -6,843 -0,673
12,651 -6,976 -0,260
12,676 -7,043 0,056
12,701 -6,954 0,348
12,726 -6,888 0,639
12,751 -6,688 0,955
12,776 -6,444 1,198
12,801 -6,111 1,490
12,826 -5,711 1,684
12,851 -5,223 1,854
12,876 -4,712 1,976
12,901 -4,135 2,097
12,926 -3,491 2,194
12,951 -2,803 2,267
12,976 -2,070 2,292
13,001 -1,315 2,316
13,026 -0,583 2,267
13,051 0,216 2,243
13,076 0,971 2,146
13,101 1,770 2,073
13,126 2,503 1,903
13,151 3,258 1,757
13,176 3,924 1,587
13,201 4,612 1,465
13,226 5,211 1,271
13,251 5,789 1,125
13,276 6,255 0,955
13,301 6,654 0,809
13,326 7,010 0,639
13,351 7,298 0,469
13,376 7,431 0,348
13,401 7,520 0,251
13,426 7,520 0,129
13,451 7,454 0,080
13,476 7,254 -0,017
13,501 6,987 -0,065
13,526 6,632 -0,114
13,551 6,210 -0,090
13,576 5,700 -0,138
13,601 5,167 -0,090
13,626 4,523 -0,090
13,651 3,857 -0,017
13,676 3,102 0,032
13,701 2,370 0,105
13,726 1,593 0,129
13,751 0,794 0,251
13,776 -0,028 0,299
13,801 -0,827 0,396
13,826 -1,626 0,421
13,851 -2,403 0,469
13,876 -3,158 0,518
13,901 -3,868 0,542
13,926 -4,557 0,518
13,951 -5,134 0,566
13,976 -5,711 0,518
14,001 -6,177 0,493
14,026 -6,599 0,421
14,051 -6,910 0,372
14,076 -7,198 0,251
14,101 -7,354 0,202
14,126 -7,465 0,056
14,151 -7,465 -0,041
14,176 -7,443 -0,187
14,201 -7,287 -0,333
14,226 -7,087 -0,503
14,251 -6,777 -0,697
14,276 -6,399 -0,867
14,301 -5,933 -1,037
14,326 -5,467 -1,256
14,351 -4,890 -1,378
14,376 -4,312 -1,548
14,401 -3,624 -1,694
14,426 -2,914 -1,888
14,451 -2,137 -2,009
14,476 -1,404 -2,131
14,501 -0,627 -2,252
14,526 0,150 -2,301
14,551 0,927 -2,301
14,576 1,682 -2,350
14,601 2,392 -2,301
14,626 3,080 -2,277
14,651 3,724 -2,179
14,676 4,323 -2,082
14,701 4,901 -1,912
14,726 5,367 -1,742
14,751 5,811 -1,475
14,776 6,144 -1,256
14,801 6,432 -0,964
14,826 6,610 -0,649
14,851 6,765 -0,308
14,876 6,765 0,032
14,901 6,721 0,445
14,926 6,588 0,834
14,951 6,410 1,222
14,976 6,099 1,611
15,001 5,766 2,024
15,026 5,367 2,365
15,051 4,923 2,753
15,076 4,412 3,069
15,101 3,879 3,409
15,126 3,302 3,677
15,151 2,658 3,968
15,176 1,992 4,187
15,201 1,393 4,357
15,226 0,705 4,503
15,251 0,061 4,576
15,276 -0,583 4,576
15,301 -1,204 4,576
15,326 -1,870 4,479
15,351 -2,425 4,357
15,376 -2,980 4,163
15,401 -3,469 3,944
15,426 -3,957 3,628
15,451 -4,379 3,337
15,476 -4,756 2,923
15,501 -5,023 2,535
15,526 -5,289 2,073
15,551 -5,422 1,587
15,576 -5,578 1,052
15,601 -5,622 0,542
15,626 -5,622 -0,041
15,651 -5,511 -0,600
15,676 -5,400 -1,183
15,701 -5,223 -1,694
15,726 -5,001 -2,277
15,751 -4,668 -2,836
15,776 -4,335 -3,346
15,801 -3,935 -3,808
15,826 -3,535 -4,269
15,851 -3,047 -4,658
15,876 -2,581 -5,071
15,901 -2,048 -5,338
15,926 -1,560 -5,606
15,951 -1,005 -5,800
15,976 -0,494 -5,946
16,001 0,039 -5,995
16,026 0,527 -6,019
16,051 0,993 -5,922
16,076 1,437 -5,776
16,101 1,881 -5,533
16,126 2,281 -5,266
16,151 2,658 -4,901
16,176 2,969 -4,464
16,201 3,213 -3,929
16,226 3,413 -3,443
16,251 3,591 -2,836
16,276 3,702 -2,204
16,301 3,768 -1,523
16,326 3,768 -0,843
16,351 3,746 -0,090
16,376 3,657 0,591
16,401 3,591 1,344
16,426 3,435 2,024
16,451 3,258 2,753
16,476 3,036 3,385
16,501 2,836 4,066
16,526 2,525 4,673
16,551 2,259 5,256
16,576 1,926 5,767
16,601 1,659 6,204
16,626 1,326 6,568
16,651 1,016 6,884
16,676 0,683 7,079
16,701 0,372 7,249
16,726 0,039 7,322
16,751 -0,228 7,322
16,776 -0,538 7,249
16,801 -0,783 7,103
16,826 -1,027 6,811
16,851 -1,227 6,471
16,876 -1,426 6,058
16,901 -1,582 5,596
16,926 -1,737 5,086
16,951 -1,804 4,503
16,976 -1,915 3,823
17,001 -1,937 3,142
17,026 -1,981 2,389
17,051 -1,981 1,660
17,076 -1,981 0,882
17,101 -1,915 0,080
17,126 -1,848 -0,746
17,151 -1,737 -1,523
17,176 -1,648 -2,325
17,201 -1,537 -3,079
17,226 -1,382 -3,832
17,251 -1,227 -4,488
17,276 -1,093 -5,120
17,301 -0,938 -5,703
17,326 -0,783 -6,238
17,351 -0,649 -6,675
17,376 -0,538 -7,015
17,401 -0,405 -7,307
17,426 -0,294 -7,525
17,451 -0,161 -7,671
17,476 -0,117 -7,671
17,501 -0,050 -7,598
17,526 -0,006 -7,477
17,551 0,039 -7,234
17,576 0,039 -6,894
17,601 0,061 -6,481
17,626 0,039 -6,019
17,651 -0,006 -5,460
17,676 -0,072 -4,828
17,701 -0,117 -4,172
17,726 -0,161 -3,467
17,751 -0,250 -2,714
17,776 -0,339 -1,912
17,801 -0,405 -1,086
17,826 -0,494 -0,235
17,851 -0,538 0,566
17,876 -0,583 1,368
17,901 -0,649 2,194
17,926 -0,672 2,972
17,951 -0,716 3,725
17,976 -0,738 4,430
18,001 -0,716 5,062
18,026 -0,672 5,645
18,051 -0,649 6,204
18,076 -0,583 6,641
18,101 -0,516 7,030
18,126 -0,405 7,322
18,151 -0,316 7,540
18,176 -0,183 7,662
18,201 -0,072 7,735
18,226 0,083 7,711
18,251 0,239 7,589
18,276 0,438 7,395
18,301 0,638 7,103
18,326 0,816 6,763
18,351 1,016 6,301
18,376 1,215 5,815
18,401 1,393 5,256
18,426 1,615 4,649
18,451 1,770 3,968
18,476 1,948 3,239
18,501 2,059 2,486
18,526 2,192 1,733
18,551 2,303 0,931
18,576 2,370 0,178
18,601 2,414 -0,624
18,626 2,459 -1,378
18,651 2,459 -2,131
18,676 2,436 -2,836
18,701 2,325 -3,516
18,726 2,214 -4,123
18,751 2,081 -4,707
18,776 1,904 -5,217
18,801 1,682 -5,679
18,826 1,415 -6,019
18,851 1,171 -6,359
18,876 0,838 -6,578
18,901 0,505 -6,724
18,926 0,150 -6,772
18,951 -0,228 -6,772
18,976 -0,605 -6,675
19,001 -1,027 -6,481
19,026 -1,382 -6,238
19,051 -1,804 -5,946
19,076 -2,181 -5,582
19,101 -2,581 -5,144
19,126 -2,914 -4,634
19,151 -3,269 -4,099
19,176 -3,535 -3,516
19,201 -3,824 -2,908
19,226 -4,068 -2,228
19,251 -4,268 -1,596
19,276 -4,379 -0,964
19,301 -4,468 -0,308
19,326 -4,512 0,372
19,351 -4,534 1,004
19,376 -4,468 1,636
19,401 -4,357 2,194
19,426 -4,157 2,802
19,451 -3,957 3,312
19,476 -3,713 3,847
19,501 -3,402 4,236
19,526 -3,025 4,649
19,551 -2,647 4,940
19,576 -2,203 5,232
19,601 -1,737 5,402
19,626 -1,204 5,572
19,651 -0,738 5,645
19,676 -0,161 5,645
19,701 0,327 5,621
19,726 0,927 5,499
19,751 1,460 5,305
19,776 2,081 5,086
19,801 2,570 4,819
19,826 3,102 4,527
19,851 3,591 4,114
19,876 4,057 3,725
19,901 4,479 3,239
19,926 4,856 2,778
19,951 5,167 2,267
19,976 5,456 1,757
20,001 5,633 1,222
20,026 5,811 0,736
20,051 5,877 0,202
20,076 5,877 -0,260
20,101 5,833 -0,770
20,126 5,744 -1,208
20,151 5,522 -1,669
20,176 5,256 -2,058
20,201 4,923 -2,422
20,226 4,501 -2,690
20,251 4,057 -3,006
20,276 3,546 -3,224
20,301 2,969 -3,394
20,326 2,370 -3,492
20,351 1,748 -3,637
20,376 1,104 -3,637
20,401 0,394 -3,662
20,426 -0,272 -3,613
20,451 -1,005 -3,492
20,476 -1,671 -3,370
20,501 -2,403 -3,200
20,526 -3,069 -3,006
20,551 -3,691 -2,811
20,576 -4,268 -2,544
20,601 -4,845 -2,277
20,626 -5,289 -2,009
20,651 -5,800 -1,694
20,676 -6,155 -1,402
20,701 -6,488 -1,110
20,726 -6,688 -0,770
20,751 -6,888 -0,478
20,776 -6,976 -0,163
20,801 -6,999 0,105
20,826 -6,932 0,396
20,851 -6,821 0,639
20,876 -6,599 0,882
20,901 -6,333 1,052
20,926 -5,933 1,295
20,951 -5,533 1,441
20,976 -5,045 1,611
21,001 -4,512 1,708
21,026 -3,868 1,781
21,051 -3,247 1,830
21,076 -2,559 1,903
21,101 -1,848 1,879
21,126 -1,093 1,879
21,151 -0,316 1,830
21,176 0,461 1,757
21,201 1,215 1,684
21,226 1,970 1,587
21,251 2,703 1,465
21,276 3,435 1,344
21,301 4,101 1,222
21,326 4,723 1,101
21,351 5,300 0,955
21,376 5,855 0,858
21,401 6,321 0,688
21,426 6,699 0,591
21,451 6,987 0,469
21,476 7,187 0,372
21,501 7,343 0,251
21,526 7,431 0,178
21,551 7,365 0,153
21,576 7,254 0,129
21,601 7,032 0,080
21,626 6,765 0,129
21,651 6,366 0,129
21,676 5,966 0,153
21,701 5,433 0,178
21,726 4,856 0,251
21,751 4,212 0,299
21,776 3,546 0,372
21,801 2,814 0,445
21,826 2,103 0,542
21,851 1,326 0,591
21,876 0,527 0,664
21,901 -0,250 0,688
21,926 -1,005 0,761
21,951 -1,826 0,809
21,976 -2,559 0,834
22,001 -3,291 0,834
22,026 -3,935 0,882
22,051 -4,579 0,858
22,076 -5,134 0,785
22,101 -5,644 0,761
22,126 -6,111 0,688
22,151 -6,488 0,591
22,176 -6,799 0,518
22,201 -7,021 0,372
22,226 -7,176 0,251
22,251 -7,287 0,056
22,276 -7,243 -0,114
22,301 -7,176 -0,308
22,326 -6,976 -0,503
22,351 -6,754 -0,721
22,376 -6,444 -0,916
22,401 -6,066 -1,086
22,426 -5,600 -1,305
22,451 -5,112 -1,523
22,476 -4,534 -1,718
22,501 -3,935 -1,888
22,526 -3,269 -2,058
22,551 -2,603 -2,252
22,576 -1,826 -2,374
22,601 -1,138 -2,471
22,626 -0,361 -2,544
22,651 0,350 -2,617
22,676 1,104 -2,665
22,701 1,793 -2,641
22,726 2,481 -2,568
22,751 3,125 -2,520
22,776 3,768 -2,422
22,801 4,301 -2,228
22,826 4,812 -2,034
22,851 5,256 -1,839
22,876 5,678 -1,572
22,901 5,944 -1,256
22,926 6,210 -0,940
22,951 6,321 -0,576
22,976 6,410 -0,187
23,001 6,410 0,178
23,026 6,366 0,566
23,051 6,210 0,979
23,076 6,033 1,417
23,101 5,722 1,830
23,126 5,411 2,243
23,151 4,989 2,632
23,176 4,545 3,045
23,201 4,035 3,385
23,226 3,524 3,701
23,251 2,925 3,993
23,276 2,348 4,284
23,301 1,704 4,479
23,326 1,104 4,624
23,351 0,461 4,722
23,376 -0,117 4,795
23,401 -0,760 4,795
23,426 -1,338 4,722
23,451 -1,937 4,649
23,476 -2,448 4,479
23,501 -2,980 4,284
23,526 -3,469 4,017
23,551 -3,868 3,677
23,576 -4,179 3,288
23,601 -4,512 2,875
23,626 -4,801 2,462
23,651 -4,978 1,951
23,676 -5,134 1,441
23,701 -5,200 0,882
23,726 -5,223 0,323
23,751 -5,200 -0,235
23,776 -5,134 -0,819
23,801 -5,001 -1,402
23,826 -4,779 -1,985
23,851 -4,557 -2,544
23,876 -4,246 -3,079
23,901 -3,891 -3,613
23,926 -3,513 -4,123
23,951 -3,114 -4,561
23,976 -2,670 -4,950
24,001 -2,248 -5,290
24,026 -1,759 -5,582
24,051 -1,293 -5,800
24,076 -0,827 -5,970
24,101 -0,316 -6,067
24,126 0,150 -6,116
24,151 0,616 -6,043
24,176 1,038 -5,970
24,201 1,415 -5,776
24,226 1,793 -5,509
24,251 2,126 -5,193
24,276 2,414 -4,780
24,301 2,703 -4,342
24,326 2,903 -3,832
24,351 3,080 -3,273
24,376 3,213 -2,665
24,401 3,302 -1,985
24,426 3,369 -1,329
24,451 3,369 -0,624
24,476 3,324 0,080
24,501 3,258 0,834
24,526 3,125 1,563
24,551 2,991 2,292
24,576 2,792 2,948
24,601 2,592 3,677
24,626 2,370 4,260
24,651 2,148 4,867
24,676 1,859 5,402
24,701 1,615 5,912
24,726 1,304 6,325
24,751 1,060 6,666
24,776 0,771 6,933
24,801 0,527 7,127
24,826 0,216 7,225
24,851 -0,028 7,297
24,876 -0,294 7,225
24,901 -0,494 7,127
24,926 -0,716 6,933
24,951 -0,916 6,690
24,976 -1,071 6,325
25,001 -1,227 5,912
25,026 -1,360 5,378
25,051 -1,426 4,867
25,076 -1,537 4,260
25,101 -1,560 3,604
25,126 -1,626 2,875
25,151 -1,604 2,170
25,176 -1,582 1,368
25,201 -1,537 0,591
25,226 -1,493 -0,187
25,251 -1,382 -0,964
25,276 -1,338 -1,766
25,301 -1,227 -2,495
25,326 -1,138 -3,273
25,351 -1,027 -3,953
25,376 -0,871 -4,658
25,401 -0,760 -5,241
25,426 -0,627 -5,824
25,451 -0,516 -6,310
25,476 -0,450 -6,699
25,501 -0,339 -6,991
25,526 -0,272 -7,282
25,551 -0,205 -7,428
25,576 -0,139 -7,501
25,601 -0,072 -7,501
25,626 -0,072 -7,404
25,651 -0,094 -7,185
25,676 -0,094 -6,991
25,701 -0,094 -6,578
25,726 -0,183 -6,213
25,751 -0,228 -5,679
25,776 -0,294 -5,144
25,801 -0,361 -4,488
25,826 -0,450 -3,856
25,851 -0,516 -3,103
25,876 -0,627 -2,374
25,901 -0,694 -1,572
25,926 -0,783 -0,819
25,951 -0,849 0,007
25,976 -0,894 0,809
26,001 -0,916 1,611
26,026 -0,982 2,340
26,051 -0,960 3,118
26,076 -0,982 3,823
26,101 -0,960 4,527
26,126 -0,938 5,111
26,151 -0,894 5,694
26,176 -0,827 6,131
26,201 -0,716 6,568
26,226 -0,605 6,884
26,251 -0,494 7,176
26,276 -0,339 7,322
26,301 -0,139 7,443
26,326 0,039 7,443
26,351 0,239 7,419
26,376 0,416 7,249
26,401 0,638 7,079
26,426 0,860 6,739
26,451 1,082 6,398
26,476 1,282 5,937
26,501 1,526 5,475
26,526 1,704 4,892
26,551 1,926 4,284
26,576 2,103 3,628
26,601 2,259 2,948
26,626 2,414 2,170
26,651 2,525 1,441
26,676 2,614 0,688
26,701 2,703 -0,041
26,726 2,703 -0,819
26,751 2,725 -1,499
26,776 2,681 -2,228
26,801 2,658 -2,908
26,826 2,525 -3,516
26,851 2,392 -4,123
26,876 2,214 -4,658
26,901 2,015 -5,120
26,926 1,726 -5,509
26,951 1,437 -5,824
26,976 1,104 -6,116
27,001 0,794 -6,286
27,026 0,416 -6,408
27,051 0,039 -6,432
27,076 -0,405 -6,383
27,101 -0,783 -6,262
27,126 -1,204 -6,092
27,151 -1,604 -5,824
27,176 -2,026 -5,533
27,201 -2,403 -5,144
27,226 -2,825 -4,707
27,251 -3,180 -4,221
27,276 -3,513 -3,710
27,301 -3,802 -3,103
27,326 -4,068 -2,568
27,351 -4,290 -1,936
27,376 -4,468 -1,329
27,401 -4,601 -0,673
27,426 -4,690 -0,065
27,451 -4,690 0,566
27,476 -4,690 1,101
27,501 -4,557 1,708
27,526 -4,446 2,267
27,551 -4,246 2,802
27,576 -4,024 3,288
27,601 -3,713 3,725
27,626 -3,402 4,138
27,651 -2,980 4,479
27,676 -2,581 4,746
27,701 -2,070 4,965
27,726 -1,604 5,135
27,751 -1,071 5,256
27,776 -0,561 5,281
27,801 0,039 5,305
27,826 0,572 5,232
27,851 1,127 5,111
27,876 1,704 4,916
27,901 2,281 4,697
27,926 2,814 4,357
27,951 3,324 4,066
27,976 3,791 3,701
28,001 4,257 3,288
28,026 4,656 2,851
28,051 5,034 2,437
28,076 5,345 1,951
28,101 5,611 1,490
28,126 5,789 1,004
28,151 5,922 0,542
28,176 5,988 0,056
28,201 5,988 -0,381
28,226 5,900 -0,819
28,251 5,744 -1,232
28,276 5,478 -1,596
28,301 5,189 -1,936
28,326 4,834 -2,277
28,351 4,412 -2,544
28,376 3,879 -2,763
28,401 3,391 -2,957
28,426 2,836 -3,103
28,451 2,192 -3,176
28,476 1,526 -3,249
28,501 0,860 -3,297
28,526 0,172 -3,249
28,551 -0,516 -3,200
28,576 -1,249 -3,079
28,601 -1,915 -2,957
28,626 -2,603 -2,836
28,651 -3,269 -2,641
28,676 -3,868 -2,422
28,701 -4,423 -2,204
28,726 -4,956 -1,961
28,751 -5,445 -1,718
28,776 -5,911 -1,450
28,801 -6,244 -1,183
28,826 -6,532 -0,892
28,851 -6,732 -0,649
28,876 -6,888 -0,357
28,901 -6,954 -0,114
28,926 -6,954 0,129
28,951 -6,865 0,348
28,976 -6,710 0,566
29,001 -6,466 0,736
29,026 -6,155 0,882
29,051 -5,778 1,052
29,076 -5,311 1,174
29,101 -4,845 1,295
29,126 -4,268 1,393
29,151 -3,669 1,417
29,176 -3,003 1,465
29,201 -2,314 1,465
29,226 -1,582 1,465
29,251 -0,827 1,417
29,276 -0,072 1,393
29,301 0,683 1,320
29,326 1,437 1,271
29,351 2,170 1,174
29,376 2,903 1,077
29,401 3,591 0,955
29,426 4,257 0,834
29,451 4,834 0,761
29,476 5,389 0,664
29,501 5,877 0,542
29,526 6,344 0,445
29,551 6,677 0,372
29,576 6,965 0,348
29,601 7,121 0,275
29,626 7,209 0,251
29,651 7,232 0,202
29,676 7,165 0,202
29,701 7,032 0,178
29,726 6,810 0,226
29,751 6,477 0,251
29,776 6,099 0,323
29,801 5,633 0,396
29,826 5,145 0,445
29,851 4,568 0,493
29,876 3,924 0,591
29,901 3,236 0,688
29,926 2,547 0,785
29,951 1,793 0,858
29,976 1,060 0,907
30,001 0,283 0,979
30,026 -0,494 1,077
30,051 -1,249 1,125
30,076 -2,004 1,174
30,101 -2,714 1,150
30,126 -3,358 1,150
30,151 -4,024 1,125
30,176 -4,601 1,077
30,201 -5,134 0,979
30,226 -5,622 0,931
30,251 -6,022 0,809
30,276 -6,377 0,712
30,301 -6,666 0,542
30,326 -6,865 0,372
30,351 -6,976 0,178
30,376 -7,021 0,032
30,401 -6,999 -0,235
30,426 -6,865 -0,430
30,451 -6,688 -0,697
30,476 -6,444 -0,867
30,501 -6,133 -1,110
30,526 -5,711 -1,329
30,551 -5,267 -1,596
30,576 -4,756 -1,791
30,601 -4,201 -2,034
30,626 -3,580 -2,204
30,651 -3,003 -2,374
30,676 -2,270 -2,544
30,701 -1,582 -2,714
30,726 -0,849 -2,787
30,751 -0,161 -2,884
30,776 0,572 -2,884
30,801 1,260 -2,933
30,826 1,948 -2,860
30,851 2,592 -2,811
30,876 3,213 -2,690
30,901 3,768 -2,568
30,926 4,279 -2,374
30,951 4,723 -2,131
30,976 5,145 -1,888
31,001 5,456 -1,572
31,026 5,766 -1,256
31,051 5,922 -0,916
31,076 6,077 -0,527
31,101 6,122 -0,138
31,126 6,122 0,299
31,151 5,988 0,736
31,176 5,833 1,198
31,201 5,589 1,636
31,226 5,300 2,097
31,251 4,967 2,486
31,276 4,612 2,923
31,301 4,146 3,288
31,326 3,680 3,652
31,351 3,147 3,968
31,376 2,614 4,284
31,401 2,059 4,503
31,426 1,482 4,722
31,451 0,882 4,843
31,476 0,283 4,965
31,501 -0,294 4,965
31,526 -0,849 4,965
31,551 -1,404 4,867
31,576 -1,937 4,746
31,601 -2,448 4,552
31,626 -2,892 4,357
31,651 -3,336 4,041
31,676 -3,691 3,701
31,701 -4,046 3,288
31,726 -4,312 2,851
31,751 -4,534 2,340
31,776 -4,690 1,879
31,801 -4,845 1,320
31,826 -4,890 0,761
31,851 -4,890 0,178
31,876 -4,823 -0,406
31,901 -4,712 -0,989
31,926 -4,534 -1,572
31,951 -4,357 -2,155
31,976 -4,113 -2,738
32,001 -3,824 -3,322
32,026 -3,513 -3,808
32,051 -3,158 -4,294
32,076 -2,758 -4,707
32,101 -2,359 -5,144
32,126 -1,893 -5,436
32,151 -1,471 -5,752
32,176 -1,027 -5,922
32,201 -0,583 -6,067
32,226 -0,139 -6,116
32,251 0,239 -6,140
32,276 0,683 -6,067
32,301 1,016 -5,946
32,326 1,371 -5,703
32,351 1,704 -5,460
32,376 2,015 -5,071
32,401 2,237 -4,682
32,426 2,503 -4,196
32,451 2,681 -3,662
32,476 2,814 -3,054
32,501 2,925 -2,471
32,526 2,991 -1,766
32,551 2,969 -1,086
32,576 2,991 -0,381
32,601 2,903 0,348
32,626 2,814 1,101
32,652 2,725 1,781
32,677 2,592 2,510
32,702 2,414 3,142
32,727 2,237 3,823
32,752 2,037 4,406
32,777 1,837 4,989
32,802 1,571 5,524
32,827 1,326 6,010
32,852 1,082 6,374
32,877 0,838 6,714
32,902 0,616 6,957
32,927 0,372 7,176
32,952 0,150 7,225
32,977 -0,072 7,225
33,002 -0,272 7,152
33,027 -0,427 7,054
33,052 -0,605 6,811
33,077 -0,783 6,544
33,102 -0,916 6,155
33,127 -1,027 5,718
33,152 -1,138 5,232
33,177 -1,182 4,673
33,202 -1,204 4,017
33,227 -1,227 3,337
33,252 -1,271 2,656
33,277 -1,204 1,903
33,302 -1,182 1,125
33,327 -1,160 0,348
33,352 -1,093 -0,430
33,377 -1,005 -1,183
33,402 -0,938 -1,961
33,427 -0,827 -2,714
33,452 -0,760 -3,419
33,477 -0,672 -4,075
33,502 -0,583 -4,707
33,527 -0,494 -5,290
33,552 -0,405 -5,824
33,577 -0,316 -6,262
33,602 -0,250 -6,675
33,627 -0,183 -6,967
33,652 -0,205 -7,161
33,677 -0,139 -7,331
33,702 -0,139 -7,380
33,727 -0,139 -7,331
33,752 -0,161 -7,210
33,777 -0,183 -7,015
33,802 -0,250 -6,748
33,827 -0,316 -6,383
33,852 -0,383 -5,946
33,877 -0,472 -5,387
33,902 -0,583 -4,828
33,927 -0,672 -4,196
33,952 -0,738 -3,540
33,977 -0,849 -2,836
34,002 -0,960 -2,058
34,027 -1,049 -1,329
34,052 -1,116 -0,527
34,077 -1,204 0,226
34,102 -1,227 0,979
34,127 -1,227 1,733
34,152 -1,249 2,486
34,177 -1,271 3,215
34,202 -1,227 3,920
34,227 -1,204 4,527
34,252 -1,138 5,111
34,277 -1,049 5,621
34,302 -0,916 6,058
34,327 -0,783 6,423
34,352 -0,672 6,739
34,377 -0,494 6,982
34,402 -0,272 7,176
34,427 -0,117 7,225
34,452 0,105 7,225
34,477 0,327 7,103
34,502 0,594 6,957
34,527 0,794 6,739
34,552 1,082 6,423
34,577 1,282 6,034
34,602 1,526 5,596
34,627 1,770 5,062
34,652 2,015 4,527
34,677 2,170 3,920
34,702 2,392 3,288
34,727 2,547 2,583
34,752 2,725 1,879
34,777 2,792 1,174
34,802 2,880 0,469
34,827 2,947 -0,260
34,852 2,969 -0,964
34,877 2,947 -1,645
34,902 2,903 -2,301
34,927 2,814 -2,957
34,952 2,703 -3,516
34,977 2,481 -4,051
35,002 2,303 -4,585
35,027 2,059 -5,023
35,052 1,748 -5,338
35,077 1,437 -5,679
35,102 1,104 -5,873
35,127 0,705 -6,043
35,152 0,305 -6,092
35,177 -0,094 -6,140
35,202 -0,516 -6,067
35,227 -0,982 -5,922
35,252 -1,360 -5,703
35,277 -1,826 -5,484
35,302 -2,226 -5,120
35,327 -2,647 -4,780
35,352 -3,025 -4,318
35,377 -3,402 -3,856
35,402 -3,713 -3,346
35,427 -4,046 -2,836
35,452 -4,290 -2,228
35,477 -4,468 -1,718
35,502 -4,623 -1,110
35,527 -4,734 -0,551
35,552 -4,801 0,080
35,577 -4,823 0,639
35,602 -4,756 1,222
35,627 -4,690 1,757
35,652 -4,490 2,292
35,677 -4,268 2,729
35,702 -4,002 3,191
35,727 -3,713 3,580
35,752 -3,313 3,944
35,777 -2,958 4,236
35,802 -2,470 4,503
35,827 -2,004 4,673
35,852 -1,493 4,843
35,877 -0,938 4,916
35,902 -0,361 4,940
35,927 0,194 4,916
35,952 0,794 4,843
35,977 1,349 4,673
36,002 1,948 4,503
36,027 2,503 4,236
36,052 3,036 4,017
36,077 3,524 3,652
36,102 4,013 3,312
36,127 4,457 2,948
36,152 4,856 2,583
36,177 5,189 2,122
36,202 5,500 1,708
36,227 5,722 1,271
36,252 5,922 0,834
36,277 6,011 0,372
36,302 6,033 -0,017
36,327 5,966 -0,454
36,352 5,877 -0,819
36,377 5,678 -1,208
36,402 5,456 -1,523
36,427 5,100 -1,839
36,452 4,745 -2,107
36,477 4,257 -2,325
36,502 3,768 -2,520
36,527 3,213 -2,665
36,552 2,658 -2,763
36,577 2,015 -2,884
36,602 1,326 -2,884
36,627 0,660 -2,933
36,652 -0,006 -2,884
36,677 -0,738 -2,787
36,702 -1,404 -2,690
36,727 -2,115 -2,617
36,752 -2,758 -2,398
36,777 -3,424 -2,252
36,802 -4,002 -2,034
36,827 -4,557 -1,888
36,852 -5,045 -1,645
36,877 -5,533 -1,402
36,902 -5,911 -1,183
36,927 -6,266 -0,964
36,952 -6,532 -0,697
36,977 -6,710 -0,503
37,002 -6,821 -0,284
37,027 -6,888 -0,065
37,052 -6,821 0,129
37,077 -6,732 0,299
37,102 -6,555 0,518
37,127 -6,333 0,639
37,152 -6,000 0,785
37,177 -5,600 0,858
37,202 -5,112 0,979
37,227 -4,623 1,052
37,252 -4,024 1,077
37,277 -3,447 1,101
37,302 -2,781 1,150
37,327 -2,092 1,125
37,352 -1,338 1,101
37,377 -0,605 1,052
37,402 0,150 1,028
37,427 0,882 0,979
37,452 1,659 0,882
37,477 2,370 0,785
37,502 3,058 0,712
37,527 3,724 0,615
37,552 4,346 0,542
37,577 4,923 0,469
37,602 5,433 0,421
37,627 5,900 0,348
37,652 6,299 0,323
37,677 6,610 0,251
37,702 6,876 0,226
37,727 7,010 0,226
37,752 7,098 0,226
37,777 7,076 0,202
37,802 6,987 0,251
37,827 6,788 0,299
37,852 6,566 0,372
37,877 6,233 0,445
37,902 5,855 0,518
37,927 5,345 0,591
37,952 4,856 0,712
37,977 4,279 0,785
38,002 3,635 0,907
38,027 2,969 0,979
38,052 2,281 1,101
38,077 1,548 1,174
38,102 0,838 1,271
38,127 0,083 1,320
38,152 -0,649 1,344
38,177 -1,382 1,368
38,202 -2,092 1,417
38,227 -2,781 1,368
38,252 -3,424 1,344
38,277 -4,068 1,320
38,302 -4,579 1,247
38,327 -5,112 1,125
38,352 -5,533 1,052
38,377 -5,933 0,882
38,402 -6,244 0,761
38,427 -6,466 0,566
38,452 -6,643 0,372
38,477 -6,754 0,153
38,502 -6,754 -0,065
38,527 -6,688 -0,357
38,552 -6,577 -0,576
38,577 -6,399 -0,843
38,602 -6,133 -1,062
38,627 -5,822 -1,329
38,652 -5,378 -1,572
38,677 -4,934 -1,839
38,702 -4,423 -2,082
38,727 -3,868 -2,277
38,752 -3,269 -2,471
38,777 -2,647 -2,690
38,802 -1,981 -2,836
38,827 -1,315 -2,957
38,852 -0,649 -3,054
38,877 0,039 -3,103
38,902 0,727 -3,151
38,927 1,371 -3,127
38,952 2,015 -3,079
38,977 2,614 -2,981
39,002 3,169 -2,860
39,027 3,702 -2,665
39,052 4,190 -2,447
39,077 4,612 -2,228
39,102 4,945 -1,936
39,127 5,256 -1,596
39,152 5,522 -1,232
39,177 5,678 -0,843
39,202 5,789 -0,454
39,227 5,833 -0,041
39,252 5,811 0,396
39,277 5,678 0,882
39,302 5,478 1,344
39,327 5,256 1,806
39,352 4,967 2,267
39,377 4,612 2,680
39,402 4,257 3,094
39,427 3,813 3,458
39,452 3,347 3,823
39,477 2,836 4,138
39,502 2,325 4,406
39,527 1,815 4,649
39,552 1,238 4,843
39,577 0,683 4,989
39,602 0,105 5,038
39,627 -0,405 5,062
39,652 -0,938 5,038
39,677 -1,426 4,940
39,702 -1,937 4,770
39,727 -2,381 4,576
39,752 -2,825 4,309
39,777 -3,180 3,993
39,802 -3,535 3,604
39,827 -3,824 3,191
39,852 -4,090 2,729
39,877 -4,268 2,267
39,902 -4,423 1,708
39,927 -4,512 1,174
39,952 -4,557 0,615
39,977 -4,512 0,007
40,002 -4,468 -0,600
40,027 -4,357 -1,183
40,052 -4,201 -1,791
40,077 -3,979 -2,374
40,102 -3,757 -2,908
40,127 -3,469 -3,467
40,152 -3,202 -3,978
40,177 -2,847 -4,439
40,202 -2,492 -4,877
40,227 -2,048 -5,241
40,252 -1,671 -5,557
40,277 -1,227 -5,800
40,302 -0,849 -6,019
40,327 -0,450 -6,116
40,352 -0,050 -6,213
40,377 0,327 -6,165
40,402 0,705 -6,092
40,427 1,038 -5,897
40,452 1,326 -5,679
40,477 1,637 -5,338
40,502 1,881 -5,023
40,527 2,103 -4,537
40,552 2,281 -4,051
40,577 2,436 -3,492
40,602 2,503 -2,884
40,627 2,614 -2,252
40,652 2,636 -1,596
40,677 2,681 -0,892
40,702 2,614 -0,187
40,727 2,570 0,542
40,752 2,503 1,222
40,777 2,414 1,976
40,802 2,237 2,656
40,827 2,081 3,361
40,852 1,904 3,944
40,877 1,748 4,576
40,902 1,504 5,086
40,927 1,326 5,596
40,952 1,127 6,010
40,977 0,905 6,423
41,002 0,705 6,666
41,027 0,505 6,909
41,052 0,261 7,079
41,077 0,128 7,152
41,102 -0,072 7,127
41,127 -0,250 7,079
41,152 -0,383 6,909
41,177 -0,494 6,666
41,202 -0,649 6,350
41,227 -0,716 5,985
41,252 -0,849 5,499
41,277 -0,871 4,989
41,302 -0,938 4,406
41,327 -0,960 3,823
41,352 -0,960 3,094
41,377 -0,960 2,437
41,402 -0,938 1,660
41,427 -0,849 0,931
41,452 -0,827 0,153
41,477 -0,738 -0,624
41,502 -0,694 -1,378
41,527 -0,605 -2,082
41,552 -0,561 -2,811
41,577 -0,472 -3,492
41,602 -0,405 -4,148
41,627 -0,339 -4,755
41,652 -0,250 -5,363
41,677 -0,205 -5,800
41,702 -0,139 -6,238
41,727 -0,117 -6,578
41,752 -0,094 -6,845
41,777 -0,072 -7,039
41,802 -0,094 -7,161
41,827 -0,117 -7,161
41,852 -0,183 -7,137
41,877 -0,228 -6,991
41,902 -0,316 -6,772
41,927 -0,361 -6,456
41,952 -0,450 -6,092
41,977 -0,561 -5,606
42,002 -0,694 -5,144
42,027 -0,783 -4,537
42,052 -0,894 -3,953
42,077 -0,982 -3,273
42,102 -1,116 -2,593
42,127 -1,204 -1,815
42,152 -1,293 -1,110
42,177 -1,360 -0,333
42,202 -1,449 0,421
42,227 -1,449 1,198
42,252 -1,471 1,903
42,277 -1,471 2,632
42,302 -1,449 3,239
42,327 -1,404 3,920
42,352 -1,360 4,503
42,377 -1,249 5,038
42,402 -1,116 5,524
42,427 -0,982 5,937
42,452 -0,871 6,301
42,477 -0,672 6,568
42,502 -0,494 6,787
42,527 -0,250 6,957
42,552 -0,028 6,957
42,577 0,216 6,933
42,602 0,438 6,811
42,627 0,705 6,690
42,652 0,971 6,398
42,677 1,260 6,082
42,702 1,460 5,718
42,727 1,726 5,281
42,752 1,970 4,746
42,777 2,237 4,211
42,802 2,436 3,580
42,827 2,636 2,996
42,852 2,792 2,316
42,877 2,925 1,660
42,902 3,014 0,931
42,927 3,125 0,251
42,952 3,169 -0,430
42,977 3,169 -1,086
43,002 3,102 -1,742
43,027 3,036 -2,350
43,052 2,903 -2,957
43,077 2,769 -3,492
43,102 2,592 -3,978
43,127 2,370 -4,439
43,152 2,081 -4,853
43,177 1,770 -5,168
43,202 1,415 -5,460
43,227 1,038 -5,630
43,252 0,638 -5,776
43,277 0,239 -5,800
43,302 -0,183 -5,800
43,327 -0,649 -5,679
43,352 -1,138 -5,557
43,377 -1,537 -5,387
43,402 -2,026 -5,120
43,427 -2,448 -4,780
43,452 -2,847 -4,415
43,477 -3,202 -4,002
43,502 -3,602 -3,540
43,527 -3,891 -3,054
43,552 -4,201 -2,544
43,577 -4,423 -1,985
43,602 -4,623 -1,475
43,627 -4,779 -0,892
43,652 -4,845 -0,357
43,677 -4,890 0,202
43,702 -4,912 0,712
43,727 -4,823 1,247
43,752 -4,712 1,733
43,777 -4,512 2,194
43,802 -4,290 2,632
43,827 -4,002 3,069
43,852 -3,691 3,409
43,877 -3,269 3,750
43,902 -2,847 3,993
43,927 -2,403 4,260
43,952 -1,893 4,406
43,977 -1,360 4,527
44,002 -0,783 4,576
44,027 -0,228 4,600
44,052 0,350 4,527
44,077 0,949 4,430
44,102 1,526 4,309
44,127 2,103 4,138
44,152 2,658 3,871
44,177 3,191 3,604
44,202 3,680 3,312
44,227 4,168 2,996
44,252 4,590 2,608
44,277 4,967 2,219
44,302 5,278 1,854
44,327 5,589 1,465
44,352 5,789 1,077
44,377 5,922 0,664
44,402 5,988 0,275
44,427 6,011 -0,114
44,452 5,966 -0,503
44,477 5,833 -0,867
44,502 5,611 -1,159
44,527 5,322 -1,426
44,552 4,989 -1,718
44,577 4,568 -1,936
44,602 4,146 -2,131
44,627 3,613 -2,277
44,652 3,058 -2,422
44,677 2,481 -2,544
44,702 1,815 -2,568
44,727 1,171 -2,593
44,752 0,483 -2,568
44,777 -0,205 -2,568
44,802 -0,916 -2,447
44,827 -1,626 -2,350
44,852 -2,270 -2,252
44,877 -2,936 -2,107
44,902 -3,558 -1,936
44,927 -4,135 -1,742
44,952 -4,645 -1,548
44,977 -5,156 -1,378
45,002 -5,556 -1,183
45,027 -5,933 -1,013
45,052 -6,266 -0,794
45,077 -6,510 -0,600
45,102 -6,643 -0,381
45,127 -6,754 -0,211
45,152 -6,754 -0,041
45,177 -6,732 0,105
45,202 -6,577 0,275
45,227 -6,399 0,396
45,252 -6,155 0,542
45,277 -5,822 0,639
45,302 -5,378 0,712
45,327 -4,912 0,761
45,352 -4,379 0,809
45,377 -3,824 0,834
45,402 -3,202 0,858
45,427 -2,559 0,858
45,452 -1,848 0,834
45,477 -1,138 0,809
45,502 -0,405 0,761
45,527 0,327 0,688
45,552 1,082 0,639
45,577 1,770 0,566
45,602 2,481 0,542
45,627 3,147 0,445
45,652 3,791 0,372
45,677 4,368 0,299
45,702 4,923 0,275
45,727 5,411 0,251
45,752 5,877 0,202
45,777 6,210 0,153
45,802 6,543 0,153
45,827 6,743 0,129
45,852 6,876 0,178
45,877 6,921 0,202
45,902 6,876 0,275
45,927 6,743 0,323
45,952 6,610 0,396
45,977 6,321 0,469
46,002 5,988 0,591
46,027 5,567 0,688
46,052 5,100 0,809
46,077 4,568 0,907
46,102 4,013 1,052
46,127 3,369 1,125
46,152 2,725 1,247
46,177 2,037 1,320
46,202 1,371 1,417
46,227 0,616 1,490
46,252 -0,050 1,538
46,277 -0,805 1,611
46,302 -1,493 1,611
46,327 -2,203 1,587
46,352 -2,847 1,587
46,377 -3,469 1,538
46,402 -4,024 1,465
46,427 -4,601 1,368
46,452 -5,023 1,247
46,477 -5,445 1,101
46,502 -5,778 0,955
46,527 -6,066 0,736
46,552 -6,288 0,566
46,577 -6,466 0,323
46,602 -6,532 0,105
46,627 -6,510 -0,163
46,652 -6,421 -0,406
46,677 -6,288 -0,721
46,702 -6,066 -0,989
46,727 -5,822 -1,256
46,752 -5,445 -1,523
46,777 -5,067 -1,766
46,802 -4,645 -2,009
46,827 -4,135 -2,252
46,852 -3,558 -2,471
46,877 -3,025 -2,665
46,902 -2,381 -2,860
46,927 -1,759 -3,079
46,952 -1,093 -3,176
46,977 -0,472 -3,249
47,002 0,194 -3,273
47,027 0,838 -3,322
47,052 1,482 -3,273
47,077 2,059 -3,224
47,102 2,636 -3,079
47,127 3,169 -2,933
47,152 3,680 -2,714
47,177 4,101 -2,495
47,202 4,479 -2,204
47,227 4,790 -1,888
47,252 5,078 -1,523
47,277 5,300 -1,208
47,302 5,411 -0,746
47,327 5,478 -0,308
47,352 5,522 0,105
47,377 5,433 0,542
47,402 5,345 1,052
47,427 5,167 1,465
47,452 4,945 1,951
47,477 4,634 2,413
47,502 4,279 2,875
47,527 3,879 3,264
47,552 3,480 3,652
47,577 3,058 3,993
47,602 2,614 4,309
47,627 2,081 4,600
47,652 1,593 4,843
47,677 1,038 4,965
47,702 0,572 5,062
47,727 0,039 5,111
47,752 -0,494 5,135
47,777 -0,982 5,062
47,802 -1,449 4,989
47,827 -1,915 4,819
47,852 -2,337 4,600
47,877 -2,714 4,284
47,902 -3,069 3,993
47,927 -3,380 3,531
47,952 -3,624 3,142
47,977 -3,846 2,632
48,002 -4,024 2,170
48,027 -4,135 1,587
48,052 -4,179 1,028
48,077 -4,246 0,445
48,102 -4,179 -0,138
48,127 -4,135 -0,770
48,152 -4,002 -1,329
48,177 -3,868 -1,936
48,202 -3,624 -2,520
48,227 -3,424 -3,079
48,252 -3,158 -3,565
48,277 -2,847 -4,099
48,302 -2,536 -4,537
48,327 -2,181 -4,974
48,352 -1,826 -5,314
48,377 -1,471 -5,630
48,402 -1,071 -5,849
48,427 -0,716 -6,043
48,452 -0,339 -6,140
48,477 0,017 -6,165
48,502 0,372 -6,140
48,527 0,660 -6,019
48,552 0,971 -5,824
48,577 1,238 -5,582
48,602 1,482 -5,217
48,627 1,704 -4,853
48,652 1,904 -4,391
48,677 2,059 -3,905
48,702 2,192 -3,346
48,727 2,281 -2,763
48,752 2,348 -2,107
48,777 2,348 -1,450
48,802 2,370 -0,746
48,827 2,303 -0,041
48,852 2,259 0,688
48,877 2,148 1,393
48,902 2,081 2,073
48,927 1,926 2,753
48,952 1,815 3,409
48,977 1,593 4,066
49,002 1,437 4,649
49,027 1,282 5,135
49,052 1,104 5,621
49,077 0,927 6,034
49,102 0,727 6,374
49,127 0,549 6,641
49,152 0,394 6,860
49,177 0,239 6,933
49,202 0,061 7,054
49,227 -0,117 7,006
49,252 -0,205 6,884
49,277 -0,316 6,714
49,302 -0,427 6,447
49,327 -0,516 6,155
49,352 -0,605 5,742
49,377 -0,627 5,256
49,402 -0,672 4,746
49,427 -0,716 4,211
49,452 -0,738 3,531
49,477 -0,716 2,875
49,502 -0,694 2,194
49,527 -0,649 1,441
49,552 -0,583 0,712
49,577 -0,538 -0,041
49,602 -0,516 -0,770
49,627 -0,450 -1,499
49,652 -0,339 -2,252
49,677 -0,294 -2,933
49,702 -0,228 -3,613
49,727 -0,161 -4,245
49,752 -0,139 -4,804
49,777 -0,094 -5,314
49,802 -0,072 -5,776
49,827 -0,050 -6,165
49,852 -0,050 -6,481
49,877 -0,028 -6,748
49,902 -0,050 -6,918
49,927 -0,139 -6,991
49,952 -0,183 -7,015
49,977 -0,250 -6,894
50,002 -0,339 -6,772
50,027 -0,427 -6,505
50,052 -0,538 -6,213
50,077 -0,627 -5,824
50,102 -0,760 -5,363
50,127 -0,894 -4,828
50,152 -1,005 -4,294
50,177 -1,116 -3,710
50,202 -1,249 -3,030
50,227 -1,315 -2,374
50,252 -1,449 -1,645
50,277 -1,515 -0,940
50,302 -1,560 -0,235
50,327 -1,626 0,518
50,352 -1,671 1,222
50,377 -1,671 1,951
50,402 -1,671 2,656
50,427 -1,626 3,288
50,452 -1,582 3,895
50,477 -1,493 4,454
50,502 -1,360 4,989
50,527 -1,227 5,402
50,552 -1,071 5,815
50,577 -0,894 6,107
50,602 -0,694 6,374
50,627 -0,494 6,568
50,652 -0,250 6,641
50,677 -0,006 6,739
50,702 0,261 6,666
50,727 0,549 6,544
50,752 0,794 6,374
50,777 1,104 6,131
50,802 1,371 5,767
50,827 1,637 5,402
50,852 1,881 4,965
50,877 2,148 4,479
50,902 2,392 3,895
50,927 2,614 3,337
50,952 2,792 2,729
50,977 2,947 2,122
51,002 3,080 1,441
51,027 3,191 0,809
51,052 3,236 0,153
51,077 3,280 -0,503
51,102 3,280 -1,183
51,127 3,236 -1,791
51,152 3,125 -2,374
51,177 2,991 -2,908
51,202 2,792 -3,467
51,227 2,592 -3,905
51,252 2,325 -4,294
51,277 2,037 -4,682
51,302 1,704 -4,998
51,327 1,393 -5,217
51,352 0,993 -5,411
51,377 0,572 -5,484
51,402 0,150 -5,557
51,427 -0,316 -5,484
51,452 -0,783 -5,411
51,477 -1,204 -5,266
51,502 -1,671 -5,095
51,527 -2,115 -4,780
51,552 -2,559 -4,464
51,577 -2,980 -4,075
51,602 -3,358 -3,710
51,627 -3,691 -3,273
51,652 -4,002 -2,836
51,677 -4,290 -2,325
51,702 -4,534 -1,839
51,727 -4,712 -1,305
51,752 -4,845 -0,819
51,777 -4,912 -0,235
51,802 -4,956 0,226
51,827 -4,912 0,736
51,852 -4,845 1,222
51,877 -4,712 1,708
51,902 -4,534 2,146
51,927 -4,268 2,559
51,952 -4,002 2,899
51,977 -3,624 3,239
52,002 -3,225 3,531
52,027 -2,781 3,823
52,052 -2,314 3,968
52,077 -1,759 4,114
52,102 -1,227 4,187
52,127 -0,672 4,284
52,152 -0,117 4,284
52,177 0,505 4,236
52,202 1,038 4,114
52,227 1,659 3,968
52,252 2,237 3,750
52,277 2,769 3,580
52,302 3,258 3,312
52,327 3,768 3,021
52,352 4,212 2,705
52,377 4,656 2,389
52,402 5,012 2,000
52,427 5,367 1,636
52,452 5,611 1,271
52,477 5,833 0,931
52,502 5,944 0,542
52,527 5,988 0,226
52,552 5,988 -0,163
52,577 5,944 -0,478
52,602 5,766 -0,794
52,627 5,567 -1,086
52,652 5,256 -1,329
52,677 4,901 -1,548
52,702 4,479 -1,766
52,727 4,013 -1,936
52,752 3,480 -2,058
52,777 2,925 -2,131
52,802 2,325 -2,252
52,827 1,704 -2,301
52,852 1,060 -2,325
52,877 0,372 -2,252
52,902 -0,361 -2,204
52,927 -0,982 -2,155
52,952 -1,671 -2,058
52,977 -2,292 -1,936
53,002 -2,980 -1,815
53,027 -3,558 -1,694
53,052 -4,157 -1,523
53,077 -4,668 -1,353
53,102 -5,134 -1,208
53,127 -5,533 -1,013
53,152 -5,911 -0,867
53,177 -6,199 -0,673
53,202 -6,421 -0,527
53,227 -6,555 -0,333
53,252 -6,643 -0,187
53,277 -6,621 -0,041
53,302 -6,599 0,105
53,327 -6,444 0,202
53,352 -6,244 0,275
53,377 -5,955 0,396
53,402 -5,622 0,469
53,427 -5,200 0,542
53,452 -4,734 0,542
53,477 -4,224 0,615
53,502 -3,669 0,591
53,527 -2,980 0,591
53,552 -2,403 0,566
53,577 -1,671 0,566
53,602 -1,005 0,518
53,627 -0,272 0,518
53,652 0,461 0,445
53,677 1,171 0,396
53,702 1,859 0,323
53,727 2,570 0,251
53,752 3,169 0,202
53,777 3,813 0,178
53,802 4,412 0,105
53,827 4,901 0,105
53,852 5,367 0,056
53,877 5,789 0,080
53,902 6,122 0,056
53,927 6,410 0,080
53,952 6,566 0,105
53,977 6,699 0,153
54,002 6,699 0,226
54,027 6,699 0,299
54,052 6,566 0,348
54,077 6,388 0,469
54,102 6,077 0,591
54,127 5,766 0,712
54,152 5,322 0,834
54,177 4,878 0,955
54,202 4,346 1,052
54,227 3,768 1,247
54,252 3,169 1,320
54,277 2,547 1,441
54,302 1,859 1,538
54,327 1,193 1,636
54,352 0,461 1,684
54,377 -0,205 1,781
54,402 -0,894 1,806
54,427 -1,537 1,806
54,452 -2,248 1,806
54,477 -2,869 1,757
54,502 -3,447 1,708
54,527 -3,979 1,611
54,552 -4,512 1,465
54,577 -4,956 1,344
54,602 -5,334 1,174
54,627 -5,644 1,004
54,652 -5,911 0,761
54,677 -6,088 0,542
54,702 -6,222 0,299
54,727 -6,288 0,080
54,752 -6,288 -0,235
54,777 -6,177 -0,503
54,802 -6,044 -0,794
54,827 -5,800 -1,062
54,852 -5,556 -1,378
54,877 -5,178 -1,669
54,902 -4,823 -1,936
54,927 -4,379 -2,179
54,952 -3,891 -2,471
54,977 -3,336 -2,665
55,002 -2,781 -2,884
55,027 -2,203 -3,030
55,052 -1,582 -3,200
55,077 -0,960 -3,297
55,102 -0,339 -3,419
55,127 0,261 -3,419
55,152 0,882 -3,443
55,177 1,482 -3,394
55,202 2,059 -3,322
55,227 2,614 -3,176
55,252 3,102 -3,030
55,277 3,569 -2,787
55,302 3,946 -2,544
55,327 4,323 -2,228
55,352 4,612 -1,912
55,377 4,878 -1,523
55,402 5,034 -1,159
55,427 5,189 -0,746
55,452 5,256 -0,308
55,477 5,234 0,178
55,502 5,145 0,664
55,527 5,034 1,125
55,552 4,878 1,587
55,577 4,612 2,073
55,602 4,346 2,486
55,627 4,035 2,948
55,652 3,657 3,361
55,677 3,236 3,774
55,702 2,792 4,090
55,727 2,370 4,406
55,752 1,904 4,624
55,777 1,415 4,843
55,802 0,905 5,013
55,827 0,416 5,135
55,852 -0,072 5,159
55,877 -0,538 5,159
55,902 -1,005 5,062
55,927 -1,426 4,940
55,952 -1,826 4,746
55,977 -2,203 4,503
56,002 -2,625 4,236
56,027 -2,958 3,871
56,052 -3,225 3,482
56,077 -3,447 3,045
56,102 -3,624 2,535
56,127 -3,757 2,024
56,152 -3,868 1,490
56,177 -3,935 0,907
56,202 -3,935 0,323
56,227 -3,913 -0,260
56,252 -3,824 -0,867
56,277 -3,735 -1,450
56,302 -3,602 -2,058
56,327 -3,380 -2,665
56,352 -3,158 -3,200
56,377 -2,914 -3,735
56,402 -2,625 -4,196
56,427 -2,292 -4,634
56,452 -1,981 -5,047
56,477 -1,648 -5,387
56,502 -1,293 -5,679
56,527 -0,982 -5,873
56,552 -0,627 -6,019
56,577 -0,294 -6,140
56,602 0,061 -6,165
56,627 0,372 -6,092
56,652 0,638 -5,946
56,677 0,905 -5,752
56,702 1,149 -5,509
56,727 1,349 -5,144
56,752 1,571 -4,755
56,777 1,704 -4,294
56,802 1,881 -3,783
56,827 1,948 -3,224
56,852 2,037 -2,617
56,877 2,059 -1,985
56,902 2,081 -1,305
56,927 2,081 -0,624
56,952 2,059 0,056
56,977 1,970 0,761
57,002 1,904 1,490
57,027 1,793 2,122
57,052 1,682 2,826
57,077 1,526 3,458
57,102 1,415 4,066
57,127 1,238 4,600
57,152 1,104 5,135
57,177 0,927 5,572
57,202 0,794 5,985
57,227 0,594 6,325
57,252 0,483 6,568
57,277 0,283 6,763
57,302 0,172 6,884
57,327 0,061 6,884
57,352 -0,050 6,860
57,377 -0,161 6,714
57,402 -0,250 6,568
57,427 -0,339 6,301
57,452 -0,405 5,985
57,477 -0,450 5,572
57,502 -0,472 5,111
57,527 -0,516 4,600
57,552 -0,472 4,017
57,577 -0,494 3,385
57,602 -0,450 2,729
57,627 -0,427 2,024
57,652 -0,361 1,295
57,677 -0,316 0,542
57,702 -0,272 -0,163
57,727 -0,250 -0,916
57,752 -0,183 -1,572
57,777 -0,117 -2,325
57,802 -0,050 -2,981
57,827 -0,028 -3,637
57,852 0,039 -4,245
57,877 0,039 -4,804
57,902 0,105 -5,290
57,927 0,061 -5,727
57,952 0,083 -6,092
57,977 0,039 -6,408
58,002 0,017 -6,626
58,027 -0,028 -6,796
58,052 -0,117 -6,796
58,077 -0,205 -6,821
58,102 -0,316 -6,699
58,127 -0,427 -6,578
58,152 -0,516 -6,262
58,177 -0,672 -5,970
58,202 -0,783 -5,557
58,227 -0,916 -5,144
58,252 -1,027 -4,609
58,277 -1,160 -4,099
58,302 -1,293 -3,443
58,327 -1,426 -2,860
58,352 -1,471 -2,155
58,377 -1,604 -1,499
58,402 -1,693 -0,770
58,427 -1,759 -0,065
58,452 -1,804 0,639
58,477 -1,826 1,320
58,502 -1,782 2,000
58,527 -1,804 2,656
58,552 -1,737 3,288
58,577 -1,648 3,847
58,602 -1,537 4,406
58,627 -1,449 4,892
58,652 -1,249 5,305
58,677 -1,093 5,645
58,702 -0,894 5,961
58,727 -0,672 6,180
58,752 -0,427 6,350
58,777 -0,205 6,423
58,802 0,061 6,471
58,827 0,350 6,374
58,852 0,660 6,277
58,877 0,927 6,082
58,902 1,238 5,839
58,927 1,482 5,499
58,952 1,770 5,135
58,977 2,059 4,697
59,002 2,303 4,211
59,027 2,547 3,652
59,052 2,747 3,118
59,077 2,925 2,486
59,102 3,102 1,879
59,127 3,213 1,222
59,152 3,302 0,639
59,177 3,369 -0,017
59,202 3,435 -0,624
59,227 3,391 -1,256
59,252 3,302 -1,815
59,277 3,191 -2,398
59,302 3,080 -2,908
59,327 2,858 -3,419
59,352 2,658 -3,832
59,377 2,370 -4,221
59,402 2,081 -4,537
59,427 1,704 -4,828
59,452 1,326 -4,998
59,477 0,905 -5,168
59,502 0,505 -5,241
59,527 0,061 -5,290
59,552 -0,383 -5,241
59,577 -0,871 -5,144
59,602 -1,338 -4,974
59,627 -1,782 -4,780
59,652 -2,226 -4,512
59,677 -2,625 -4,221
59,702 -3,069 -3,832
59,727 -3,447 -3,467
59,752 -3,780 -3,030
59,777 -4,113 -2,593
59,802 -4,357 -2,107
59,827 -4,579 -1,645
59,852 -4,756 -1,159
59,877 -4,890 -0,673
59,902 -4,956 -0,163
59,927 -4,978 0,323
59,952 -4,912 0,785
59,977 -4,845 1,247
60,002 -4,668 1,684
60,027 -4,468 2,073
60,052 -4,224 2,462
60,077 -3,913 2,778
60,102 -3,513 3,094
60,127 -3,136 3,337
60,152 -2,647 3,580
60,177 -2,181 3,725
60,202 -1,671 3,871
60,227 -1,116 3,944
60,252 -0,561 3,993
60,277 0,017 3,968
60,302 0,616 3,920
60,327 1,193 3,774
60,352 1,770 3,652
60,377 2,281 3,482
60,402 2,858 3,264
60,427 3,369 2,996
60,452 3,879 2,753
60,477 4,301 2,437
60,502 4,745 2,122
60,527 5,034 1,806
60,552 5,367 1,490
60,577 5,589 1,174
60,602 5,789 0,834
60,627 5,900 0,469
60,652 5,944 0,178
60,677 5,944 -0,187
60,702 5,833 -0,454
60,727 5,678 -0,746
60,752 5,433 -0,989
60,777 5,100 -1,232
60,802 4,745 -1,402
60,827 4,346 -1,645
60,852 3,902 -1,766
60,877 3,369 -1,864
60,902 2,814 -1,936
60,927 2,192 -2,009
60,952 1,571 -1,985
60,977 0,882 -2,009
61,002 0,261 -1,985
61,027 -0,472 -1,936
61,052 -1,116 -1,864
61,077 -1,782 -1,815
61,102 -2,425 -1,645
61,127 -3,047 -1,572
61,152 -3,624 -1,450
61,177 -4,201 -1,305
61,202 -4,690 -1,135
61,227 -5,112 -0,989
61,252 -5,511 -0,867
61,277 -5,866 -0,746
61,302 -6,111 -0,576
61,327 -6,355 -0,406
61,352 -6,466 -0,260
61,377 -6,532 -0,138
61,402 -6,510 -0,041
61,427 -6,444 0,056
61,452 -6,288 0,178
61,477 -6,066 0,251
61,502 -5,755 0,323
61,527 -5,422 0,372
61,552 -4,978 0,396
61,577 -4,557 0,421
61,602 -4,002 0,421
61,627 -3,469 0,421
61,652 -2,803 0,396
61,677 -2,159 0,348
61,702 -1,471 0,323
61,727 -0,827 0,299
61,752 -0,117 0,251
61,777 0,549 0,226
61,802 1,282 0,153
61,827 1,926 0,105
61,852 2,614 0,080
61,877 3,258 0,007
61,902 3,835 -0,017
61,927 4,346 -0,017
61,952 4,878 -0,017
61,977 5,322 -0,041
62,002 5,722 -0,017
62,027 6,033 -0,017
62,052 6,277 0,056
62,077 6,432 0,080
62,102 6,521 0,178
62,127 6,543 0,226
62,152 6,499 0,323
62,177 6,366 0,445
62,202 6,166 0,591
62,227 5,855 0,712
62,252 5,500 0,882
62,277 5,100 0,979
62,302 4,634 1,150
62,327 4,124 1,247
62,352 3,569 1,393
62,377 2,947 1,514
62,402 2,325 1,636
62,427 1,682 1,733
62,452 0,993 1,830
62,477 0,350 1,879
62,502 -0,339 1,951
62,527 -0,982 1,927
62,552 -1,648 1,976
62,577 -2,270 1,927
62,602 -2,869 1,879
62,627 -3,447 1,781
62,652 -3,935 1,660
62,677 -4,423 1,538
62,702 -4,845 1,368
62,727 -5,223 1,198
62,752 -5,489 1,004
62,777 -5,733 0,761
62,802 -5,911 0,566
62,827 -6,044 0,299
62,852 -6,066 0,007
62,877 -6,066 -0,284
62,902 -5,955 -0,600
62,927 -5,800 -0,892
62,952 -5,556 -1,208
62,977 -5,311 -1,499
63,002 -4,956 -1,791
63,027 -4,579 -2,058
63,052 -4,135 -2,350
63,077 -3,646 -2,593
63,102 -3,158 -2,787
63,127 -2,581 -3,006
63,152 -2,004 -3,200
63,177 -1,404 -3,346
63,202 -0,805 -3,443
63,227 -0,205 -3,492
63,252 0,372 -3,540
63,277 0,949 -3,516
63,302 1,526 -3,443
63,327 2,059 -3,346
63,352 2,570 -3,224
63,377 3,036 -3,030
63,402 3,458 -2,836
63,427 3,857 -2,544
63,452 4,168 -2,228
63,477 4,434 -1,888
63,502 4,679 -1,523
63,527 4,856 -1,110
63,552 4,923 -0,649
63,577 4,967 -0,187
63,602 4,945 0,251
63,627 4,923 0,736
63,652 4,745 1,222
63,677 4,590 1,684
63,702 4,368 2,170
63,727 4,101 2,608
63,752 3,746 3,021
63,777 3,435 3,458
63,802 3,014 3,847
63,827 2,592 4,187
63,852 2,170 4,454
63,877 1,704 4,722
63,902 1,260 4,892
63,927 0,838 5,062
63,952 0,327 5,135
63,977 -0,139 5,208
64,002 -0,583 5,159
64,027 -1,005 5,111
64,052 -1,449 4,940
64,077 -1,804 4,770
64,102 -2,203 4,503
64,127 -2,492 4,187
64,152 -2,803 3,823
64,177 -3,025 3,434
64,202 -3,269 2,948
64,227 -3,402 2,462
64,252 -3,535 1,927
64,277 -3,624 1,393
64,302 -3,691 0,785
64,327 -3,691 0,251
64,352 -3,669 -0,333
64,377 -3,558 -0,940
64,402 -3,447 -1,548
64,427 -3,269 -2,107
64,452 -3,114 -2,690
64,477 -2,847 -3,249
64,502 -2,625 -3,783
64,527 -2,359 -4,221
64,552 -2,115 -4,658
64,577 -1,759 -4,998
64,602 -1,471 -5,387
64,627 -1,138 -5,606
64,652 -0,827 -5,873
64,677 -0,494 -5,995
64,702 -0,205 -6,092
64,727 0,105 -6,043
64,752 0,372 -6,019
64,777 0,638 -5,849
64,802 0,882 -5,654
64,827 1,104 -5,338
64,852 1,282 -5,023
64,877 1,460 -4,609
64,902 1,571 -4,172
64,927 1,704 -3,613
64,952 1,793 -3,054
64,977 1,837 -2,447
65,002 1,837 -1,839
65,027 1,881 -1,159
65,052 1,837 -0,478
65,077 1,815 0,202
65,102 1,748 0,882
65,127 1,682 1,587
65,152 1,548 2,267
65,177 1,460 2,899
65,202 1,326 3,531
65,227 1,215 4,114
65,252 1,038 4,649
65,277 0,949 5,135
65,302 0,771 5,596
65,327 0,660 5,961
65,352 0,527 6,228
65,377 0,416 6,496
65,402 0,261 6,666
65,427 0,128 6,763
65,452 0,039 6,763
65,477 -0,050 6,739
65,502 -0,117 6,568
65,527 -0,183 6,423
65,552 -0,228 6,107
65,577 -0,294 5,791
65,602 -0,316 5,353
65,627 -0,316 4,892
65,652 -0,339 4,381
65,677 -0,294 3,823
65,702 -0,316 3,166
65,727 -0,250 2,535
65,752 -0,228 1,830
65,777 -0,161 1,150
65,802 -0,139 0,421
65,827 -0,050 -0,308
65,852 -0,028 -1,037
65,877 0,039 -1,669
65,902 0,039 -2,374
65,927 0,105 -3,006
65,952 0,128 -3,662
65,977 0,172 -4,172
66,002 0,172 -4,755
66,027 0,194 -5,217
66,052 0,194 -5,654
66,077 0,172 -5,995
66,102 0,083 -6,262
66,127 0,039 -6,456
66,152 -0,028 -6,553
66,177 -0,117 -6,626
66,202 -0,228 -6,626
66,227 -0,316 -6,481
66,252 -0,472 -6,310
66,277 -0,605 -6,067
66,302 -0,760 -5,727
66,327 -0,871 -5,338
66,352 -1,071 -4,901
66,377 -1,182 -4,415
66,402 -1,338 -3,856
66,427 -1,449 -3,224
66,452 -1,604 -2,593
66,477 -1,671 -1,961
66,502 -1,759 -1,329
66,527 -1,826 -0,624
66,552 -1,937 0,056
66,577 -1,915 0,736
66,602 -1,959 1,417
66,627 -1,915 2,073
66,652 -1,893 2,680
66,677 -1,826 3,288
66,702 -1,737 3,823
66,727 -1,582 4,333
66,752 -1,471 4,819
66,777 -1,293 5,232
66,802 -1,116 5,524
66,827 -0,894 5,815
66,852 -0,694 6,010
66,877 -0,405 6,155
66,902 -0,139 6,204
66,927 0,150 6,228
66,952 0,438 6,155
66,977 0,749 6,034
67,002 1,016 5,815
67,027 1,349 5,548
67,052 1,615 5,232
67,077 1,881 4,892
67,102 2,170 4,430
67,127 2,436 3,968
67,152 2,658 3,434
67,177 2,880 2,899
67,202 3,058 2,292
67,227 3,213 1,757
67,252 3,347 1,101
67,277 3,435 0,493
67,302 3,435 -0,090
67,327 3,480 -0,697
67,352 3,435 -1,280
67,377 3,347 -1,791
67,402 3,236 -2,398
67,427 3,102 -2,884
67,452 2,880 -3,322
67,477 2,636 -3,710
67,502 2,348 -4,099
67,527 2,037 -4,391
67,552 1,637 -4,609
67,577 1,282 -4,780
67,602 0,860 -4,950
67,627 0,438 -4,998
67,652 -0,028 -4,998
67,677 -0,472 -4,950
67,702 -0,938 -4,853
67,727 -1,382 -4,707
67,752 -1,848 -4,512
67,777 -2,292 -4,221
67,802 -2,736 -3,953
67,827 -3,136 -3,589
67,852 -3,535 -3,224
67,877 -3,868 -2,811
67,902 -4,157 -2,398
67,927 -4,379 -1,961
67,952 -4,601 -1,523
67,977 -4,756 -1,037
68,002 -4,890 -0,576
68,027 -4,934 -0,090
68,052 -4,934 0,348
68,077 -4,890 0,834
68,102 -4,801 1,222
68,127 -4,623 1,636
68,152 -4,401 1,976
68,177 -4,135 2,316
68,202 -3,824 2,632
68,227 -3,469 2,948
68,252 -3,047 3,166
68,277 -2,559 3,361
68,302 -2,092 3,507
68,327 -1,560 3,652
68,352 -1,027 3,701
68,377 -0,472 3,750
68,402 0,083 3,725
68,427 0,660 3,677
68,452 1,238 3,531
68,477 1,815 3,434
68,502 2,370 3,239
68,527 2,903 3,045
68,552 3,413 2,802
68,577 3,902 2,559
68,602 4,323 2,243
68,627 4,701 2,000
68,652 5,056 1,660
68,677 5,345 1,368
68,702 5,589 1,028
68,727 5,766 0,736
68,752 5,833 0,421
68,777 5,877 0,129
68,802 5,833 -0,163
68,827 5,744 -0,430
68,852 5,567 -0,697
68,877 5,300 -0,892
68,902 4,967 -1,110
68,927 4,634 -1,280
68,952 4,212 -1,450
68,977 3,746 -1,548
69,002 3,191 -1,694
69,027 2,636 -1,742
69,052 2,059 -1,815
69,077 1,460 -1,815
69,102 0,794 -1,839
69,127 0,172 -1,766
69,152 -0,538 -1,742
69,177 -1,182 -1,669
69,202 -1,848 -1,572
69,227 -2,492 -1,475
69,252 -3,114 -1,353
69,277 -3,646 -1,256
69,302 -4,179 -1,159
69,327 -4,623 -1,013
69,352 -5,067 -0,892
69,377 -5,445 -0,721
69,402 -5,800 -0,624
69,427 -6,066 -0,454
69,452 -6,266 -0,357
69,477 -6,333 -0,235
69,502 -6,421 -0,138
69,527 -6,377 -0,041
69,552 -6,310 0,032
69,577 -6,133 0,105
69,602 -5,911 0,178
69,627 -5,622 0,202
69,652 -5,289 0,226
69,677 -4,823 0,251
69,702 -4,357 0,251
69,727 -3,846 0,275
69,752 -3,313 0,251
69,777 -2,692 0,202
69,802 -2,048 0,153
69,827 -1,382 0,129
69,852 -0,716 0,105
69,877 -0,050 0,080
69,902 0,638 0,032
69,927 1,304 -0,017
69,952 1,970 -0,065
69,977 2,614 -0,114
70,002 3,213 -0,163
70,027 3,813 -0,163
70,052 4,346 -0,187
70,077 4,812 -0,187
70,102 5,234 -0,138
70,127 5,611 -0,114
70,152 5,900 -0,065
70,177 6,099 0,007
70,202 6,255 0,105
70,227 6,321 0,153
70,252 6,344 0,251
70,277 6,277 0,396
70,302 6,122 0,518
70,327 5,900 0,639
70,352 5,633 0,785
70,377 5,300 0,931
70,402 4,901 1,077
70,427 4,434 1,247
70,452 3,924 1,393
70,477 3,369 1,514
70,502 2,769 1,660
70,527 2,192 1,733
70,552 1,548 1,879
70,577 0,905 1,927
70,602 0,261 1,976
70,627 -0,405 2,024
70,652 -1,027 2,024
70,677 -1,671 2,049
70,702 -2,270 2,000
70,727 -2,847 1,951
70,752 -3,380 1,879
70,777 -3,891 1,733
70,802 -4,312 1,611
70,827 -4,712 1,417
70,852 -5,045 1,222
70,877 -5,334 1,004
70,902 -5,578 0,785
70,927 -5,755 0,518
70,952 -5,822 0,251
70,977 -5,844 -0,041
71,002 -5,800 -0,333
71,027 -5,711 -0,649
71,052 -5,556 -0,940
71,077 -5,334 -1,256
71,102 -5,023 -1,572
71,127 -4,734 -1,888
71,152 -4,335 -2,107
71,177 -3,935 -2,398
71,202 -3,447 -2,641
71,227 -2,958 -2,884
71,252 -2,425 -3,079
71,277 -1,870 -3,249
71,302 -1,271 -3,370
71,327 -0,716 -3,492
71,352 -0,139 -3,516
71,377 0,438 -3,565
71,402 1,016 -3,540
71,427 1,526 -3,516
71,452 2,037 -3,370
71,477 2,525 -3,249
71,502 2,991 -3,030
71,527 3,369 -2,811
71,552 3,724 -2,471
71,577 4,057 -2,204
71,602 4,323 -1,815
71,627 4,457 -1,426
71,652 4,656 -1,013
71,677 4,701 -0,600
71,702 4,767 -0,114
71,727 4,723 0,348
71,752 4,656 0,834
71,777 4,501 1,320
71,802 4,368 1,781
71,827 4,101 2,243
71,852 3,857 2,705
71,877 3,546 3,118
71,902 3,213 3,507
71,927 2,814 3,871
71,952 2,436 4,236
71,977 2,037 4,479
72,002 1,615 4,746
72,027 1,149 4,892
72,052 0,727 5,038
72,077 0,261 5,135
72,102 -0,139 5,159
72,127 -0,583 5,111
72,152 -0,960 5,062
72,177 -1,382 4,916
72,202 -1,715 4,697
72,227 -2,092 4,430
72,252 -2,403 4,138
72,277 -2,692 3,750
72,302 -2,869 3,337
72,327 -3,114 2,875
72,352 -3,247 2,413
72,377 -3,358 1,854
72,402 -3,424 1,344
72,427 -3,469 0,712
72,452 -3,424 0,129
72,477 -3,424 -0,454
72,502 -3,291 -1,037
72,527 -3,180 -1,645
72,552 -3,069 -2,179
72,577 -2,847 -2,787
72,602 -2,647 -3,297
72,627 -2,425 -3,808
72,652 -2,159 -4,245
72,677 -1,915 -4,682
72,702 -1,604 -5,047
72,727 -1,338 -5,363
72,752 -1,027 -5,630
72,777 -0,738 -5,824
72,802 -0,450 -5,922
72,827 -0,205 -5,970
72,852 0,105 -5,970
72,877 0,372 -5,897
72,902 0,616 -5,752
72,927 0,816 -5,557
72,952 1,016 -5,241
72,977 1,171 -4,901
73,002 1,349 -4,488
73,027 1,437 -4,002
73,052 1,526 -3,492
73,077 1,593 -2,933
73,102 1,659 -2,325
73,127 1,637 -1,694
73,152 1,659 -1,037
73,177 1,637 -0,357
73,202 1,615 0,299
73,227 1,526 0,955
73,252 1,460 1,611
73,277 1,371 2,243
73,302 1,260 2,923
73,327 1,149 3,507
73,352 1,016 4,138
73,377 0,882 4,624
73,402 0,794 5,111
73,427 0,638 5,499
73,452 0,572 5,888
73,477 0,438 6,131
73,502 0,350 6,398
73,527 0,216 6,544
73,552 0,150 6,617
73,577 0,061 6,617
73,602 0,017 6,568
73,627 -0,072 6,447
73,652 -0,139 6,253
73,677 -0,161 5,937
73,702 -0,183 5,621
73,727 -0,228 5,208
73,752 -0,205 4,746
73,777 -0,228 4,211
73,802 -0,183 3,677
73,827 -0,139 3,021
73,852 -0,072 2,389
73,877 -0,050 1,708
73,902 0,017 1,052
73,927 0,017 0,348
73,952 0,105 -0,333
73,977 0,128 -1,037
74,002 0,194 -1,742
74,027 0,216 -2,398
74,052 0,261 -3,030
74,077 0,261 -3,637
74,102 0,283 -4,123
74,127 0,283 -4,658
74,152 0,261 -5,095
74,177 0,216 -5,533
74,202 0,194 -5,849
74,227 0,150 -6,116
74,252 0,061 -6,262
74,277 -0,072 -6,383
74,302 -0,161 -6,408
74,327 -0,250 -6,408
74,352 -0,383 -6,262
74,377 -0,538 -6,116
74,402 -0,672 -5,824
74,427 -0,805 -5,533
74,452 -0,982 -5,120
74,477 -1,138 -4,682
74,502 -1,315 -4,172
74,527 -1,426 -3,662
74,552 -1,537 -3,079
74,577 -1,693 -2,495
74,602 -1,759 -1,839
74,627 -1,870 -1,208
74,652 -1,915 -0,527
74,677 -2,004 0,153
74,702 -2,026 0,785
74,727 -2,070 1,417
74,752 -1,981 2,073
74,777 -1,959 2,656
74,802 -1,870 3,215
74,827 -1,804 3,774
74,852 -1,626 4,260
74,877 -1,515 4,697
74,902 -1,315 5,062
74,927 -1,116 5,353
74,952 -0,916 5,596
74,977 -0,694 5,815
75,002 -0,405 5,937
75,027 -0,117 5,961
75,052 0,172 5,985
75,077 0,483 5,888
75,102 0,794 5,767
75,127 1,082 5,548
75,152 1,371 5,305
75,177 1,659 4,965
75,202 1,948 4,649
75,227 2,237 4,211
75,252 2,525 3,750
75,277 2,747 3,239
75,302 2,947 2,705
75,327 3,125 2,170
75,352 3,258 1,611
75,377 3,369 1,004
75,402 3,480 0,396
75,427 3,480 -0,163
75,452 3,480 -0,721
75,477 3,458 -1,280
75,502 3,391 -1,815
75,527 3,258 -2,325
75,552 3,058 -2,787
75,577 2,858 -3,249
75,602 2,614 -3,637
75,627 2,303 -3,929
75,652 1,992 -4,196
75,677 1,615 -4,415
75,702 1,193 -4,609
75,727 0,816 -4,731
75,752 0,372 -4,780
75,777 -0,094 -4,780
75,802 -0,561 -4,731
75,827 -1,005 -4,609
75,852 -1,493 -4,439
75,877 -1,937 -4,196
75,902 -2,337 -4,002
75,927 -2,758 -3,710
75,952 -3,180 -3,419
75,977 -3,535 -3,006
76,002 -3,868 -2,641
76,027 -4,179 -2,204
76,052 -4,423 -1,815
76,077 -4,623 -1,329
76,102 -4,779 -0,916
76,127 -4,890 -0,454
76,152 -4,934 -0,017
76,177 -4,912 0,396
76,202 -4,845 0,809
76,227 -4,712 1,198
76,252 -4,557 1,538
76,277 -4,357 1,927
76,302 -4,113 2,267
76,327 -3,780 2,535
76,352 -3,402 2,802
76,377 -2,980 2,996
76,402 -2,514 3,166
76,427 -2,004 3,337
76,452 -1,515 3,409
76,477 -0,960 3,507
76,502 -0,405 3,482
76,527 0,194 3,482
76,552 0,749 3,385
76,577 1,304 3,337
76,602 1,881 3,166
76,627 2,436 3,021
76,652 2,947 2,802
76,677 3,458 2,583
76,702 3,902 2,340
76,727 4,346 2,097
76,752 4,701 1,781
76,777 5,078 1,490
76,802 5,322 1,198
76,827 5,567 0,931
76,852 5,700 0,591
76,877 5,789 0,348
76,902 5,789 0,056
76,927 5,789 -0,187
76,952 5,633 -0,454
76,977 5,433 -0,649
77,002 5,167 -0,867
77,027 4,901 -1,062
77,052 4,479 -1,208
77,077 4,079 -1,329
77,102 3,591 -1,475
77,127 3,080 -1,523
77,152 2,503 -1,596
77,177 1,926 -1,621
77,202 1,326 -1,645
77,227 0,705 -1,645
77,252 0,039 -1,596
77,277 -0,583 -1,523
77,302 -1,271 -1,475
77,327 -1,893 -1,353
77,352 -2,536 -1,305
77,377 -3,069 -1,183
77,402 -3,624 -1,110
77,427 -4,157 -0,964
77,452 -4,645 -0,843
77,477 -5,045 -0,721
77,502 -5,400 -0,649
77,527 -5,689 -0,527
77,552 -5,955 -0,430
77,577 -6,111 -0,308
77,602 -6,244 -0,211
77,627 -6,266 -0,114
77,652 -6,244 -0,065
77,677 -6,111 0,007
77,702 -5,977 0,032
77,727 -5,733 0,105
77,752 -5,445 0,129
77,777 -5,045 0,129
77,802 -4,668 0,129
77,827 -4,179 0,129
77,852 -3,691 0,080
77,877 -3,091 0,105
77,902 -2,514 0,056
77,927 -1,893 0,007
77,952 -1,227 -0,041
77,977 -0,561 -0,041
78,002 0,083 -0,114
78,027 0,749 -0,163
78,052 1,393 -0,187
78,077 2,059 -0,211
78,102 2,658 -0,235
78,127 3,236 -0,260
78,152 3,768 -0,284
78,177 4,279 -0,260
78,202 4,767 -0,284
78,227 5,167 -0,211
78,252 5,478 -0,187
78,277 5,766 -0,090
78,302 5,966 -0,065
78,327 6,122 0,056
78,352 6,188 0,105
78,377 6,166 0,299
78,402 6,077 0,445
78,427 5,966 0,566
78,452 5,722 0,688
78,477 5,433 0,858
78,502 5,078 1,004
78,527 4,701 1,198
78,552 4,235 1,320
78,577 3,724 1,490
78,602 3,191 1,587
78,627 2,636 1,757
78,652 2,059 1,879
78,677 1,393 1,976
78,702 0,771 2,024
78,727 0,172 2,073
78,752 -0,450 2,097
78,777 -1,071 2,146
78,802 -1,693 2,097
78,827 -2,270 2,097
78,852 -2,825 2,000
78,877 -3,313 1,903
78,902 -3,802 1,757
78,927 -4,224 1,636
78,952 -4,601 1,441
78,977 -4,912 1,247
79,002 -5,178 1,028
79,027 -5,356 0,761
79,052 -5,533 0,469
79,077 -5,600 0,202
79,102 -5,622 -0,114
79,127 -5,578 -0,381
79,152 -5,467 -0,721
79,177 -5,334 -0,989
79,202 -5,112 -1,353
79,227 -4,823 -1,596
79,252 -4,468 -1,961
79,277 -4,090 -2,204
79,302 -3,713 -2,520
79,327 -3,247 -2,714
79,352 -2,803 -2,957
79,377 -2,226 -3,127
79,402 -1,715 -3,322
79,427 -1,160 -3,443
79,452 -0,605 -3,540
79,477 -0,050 -3,565
79,502 0,505 -3,637
79,527 1,038 -3,565
79,552 1,548 -3,516
79,577 2,037 -3,370
79,602 2,459 -3,249
79,627 2,880 -3,006
79,652 3,258 -2,763
79,677 3,591 -2,447
79,702 3,879 -2,179
79,727 4,124 -1,766
79,752 4,323 -1,426
79,777 4,479 -0,989
79,802 4,501 -0,527
79,827 4,523 -0,041
79,852 4,479 0,396
79,877 4,434 0,882
79,902 4,279 1,368
79,927 4,146 1,830
79,952 3,902 2,267
79,977 3,635 2,729
80,002 3,280 3,166
80,027 2,969 3,555
80,052 2,636 3,895
80,077 2,281 4,236
80,102 1,837 4,503
80,127 1,460 4,746
80,152 1,038 4,892
80,177 0,638 5,013
80,202 0,216 5,086
80,227 -0,205 5,135
80,252 -0,605 5,086
80,277 -1,005 4,989
80,302 -1,360 4,819
80,327 -1,671 4,600
80,352 -2,004 4,333
80,377 -2,248 4,017
80,402 -2,536 3,628
80,427 -2,736 3,215
80,452 -2,914 2,753
80,477 -3,047 2,292
80,502 -3,202 1,781
80,527 -3,269 1,222
80,552 -3,269 0,615
80,577 -3,247 0,032
80,602 -3,202 -0,527
80,627 -3,114 -1,110
80,652 -3,003 -1,669
80,677 -2,847 -2,252
80,702 -2,670 -2,787
80,727 -2,448 -3,322
80,752 -2,248 -3,808
80,777 -2,004 -4,221
80,802 -1,737 -4,658
80,827 -1,449 -4,998
80,852 -1,204 -5,314
80,877 -0,938 -5,557
80,902 -0,672 -5,752
80,927 -0,405 -5,824
80,952 -0,139 -5,873
80,977 0,128 -5,873
81,002 0,350 -5,800
81,027 0,549 -5,630
81,052 0,727 -5,411
81,077 0,905 -5,095
81,102 1,060 -4,755
81,127 1,193 -4,366
81,152 1,304 -3,880
81,177 1,415 -3,370
81,202 1,460 -2,836
81,227 1,482 -2,228
81,252 1,504 -1,621
81,277 1,460 -0,964
81,302 1,460 -0,284
81,327 1,393 0,396
81,352 1,371 1,028
81,377 1,282 1,660
81,402 1,193 2,340
81,427 1,082 2,923
81,452 0,993 3,531
81,477 0,882 4,090
81,502 0,816 4,600
81,527 0,683 5,013
81,552 0,549 5,426
81,577 0,461 5,767
81,602 0,394 6,034
81,627 0,283 6,253
81,652 0,172 6,398
81,677 0,083 6,471
81,702 0,061 6,471
81,727 -0,006 6,398
81,752 -0,050 6,253
81,777 -0,094 6,034
81,802 -0,094 5,742
81,827 -0,117 5,402
81,852 -0,117 5,038
81,877 -0,094 4,527
81,902 -0,072 4,066
81,927 -0,050 3,482
81,952 -0,028 2,899
81,977 0,039 2,219
82,002 0,105 1,563
82,027 0,128 0,907
82,052 0,172 0,275
82,077 0,239 -0,478
82,102 0,305 -1,110
82,127 0,327 -1,791
82,152 0,350 -2,398
82,177 0,372 -3,030
82,202 0,416 -3,613
82,227 0,416 -4,148
82,252 0,394 -4,609
82,277 0,372 -5,071
82,302 0,327 -5,411
82,327 0,216 -5,703
82,352 0,150 -5,897
82,377 0,039 -6,116
82,402 -0,050 -6,213
82,427 -0,161 -6,238
82,452 -0,272 -6,165
82,477 -0,427 -6,092
82,502 -0,583 -5,873
82,527 -0,716 -5,630
82,552 -0,871 -5,290
82,577 -1,071 -4,901
82,602 -1,182 -4,464
82,627 -1,382 -4,002
82,652 -1,493 -3,492
82,677 -1,648 -2,933
82,702 -1,737 -2,325
82,727 -1,870 -1,718
82,752 -1,937 -1,086
82,777 -2,048 -0,454
82,802 -2,070 0,202
82,827 -2,137 0,834
82,852 -2,092 1,465
82,877 -2,092 2,049
82,902 -2,004 2,608
82,927 -1,937 3,166
82,952 -1,804 3,677
82,977 -1,693 4,138
83,002 -1,515 4,576
83,027 -1,315 4,892
83,052 -1,116 5,232
83,077 -0,894 5,451
83,102 -0,605 5,621
83,127 -0,361 5,718
83,152 -0,050 5,767
83,177 0,239 5,742
83,202 0,527 5,669
83,227 0,838 5,499
83,252 1,149 5,353
83,277 1,415 5,086
83,302 1,748 4,795
83,327 2,015 4,406
83,352 2,303 3,993
83,377 2,547 3,507
83,402 2,792 3,045
83,427 2,991 2,510
83,452 3,191 2,000
83,477 3,302 1,465
83,502 3,435 0,907
83,527 3,480 0,323
83,552 3,546 -0,211
83,577 3,524 -0,794
83,602 3,480 -1,329
83,627 3,347 -1,815
83,652 3,258 -2,252
83,677 3,058 -2,738
83,702 2,858 -3,127
83,727 2,570 -3,516
83,752 2,281 -3,808
83,777 1,926 -4,075
83,802 1,593 -4,269
83,827 1,193 -4,439
83,852 0,794 -4,537
83,877 0,327 -4,585
83,902 -0,117 -4,561
83,927 -0,627 -4,512
83,952 -1,049 -4,391
83,977 -1,493 -4,245
84,002 -1,959 -4,051
84,027 -2,403 -3,832
84,052 -2,825 -3,516
84,077 -3,225 -3,176
84,102 -3,580 -2,811
84,127 -3,891 -2,471
84,152 -4,157 -2,058
84,177 -4,401 -1,694
84,202 -4,601 -1,208
84,227 -4,734 -0,867
84,252 -4,823 -0,381
84,277 -4,867 -0,017
84,302 -4,845 0,396
84,327 -4,801 0,785
84,352 -4,645 1,198
84,377 -4,490 1,538
84,402 -4,268 1,879
84,427 -3,979 2,146
84,452 -3,624 2,462
84,477 -3,291 2,656
84,502 -2,847 2,875
84,527 -2,403 2,996
84,552 -1,893 3,118
84,577 -1,404 3,191
84,602 -0,849 3,264
84,627 -0,316 3,288
84,652 0,261 3,264
84,677 0,816 3,191
84,702 1,371 3,118
84,727 1,926 2,948
84,752 2,459 2,802
84,777 2,947 2,608
84,802 3,458 2,389
84,827 3,924 2,170
84,852 4,346 1,927
84,877 4,679 1,636
84,902 4,989 1,393
84,927 5,234 1,101
