Pendel 1 in Ruhe
Pendel 2 ausgelenkt0,025 -1,093 0,955
0,050 -0,561 0,323
0,075 -0,894 0,615
0,100 -1,382 1,150
0,125 -1,937 1,708
0,150 -2,448 2,267
0,175 -2,936 2,753
0,200 -3,380 3,264
0,225 -3,780 3,725
0,250 -4,135 4,138
0,275 -4,446 4,479
0,300 -4,668 4,819
0,325 -4,867 4,989
0,350 -5,001 5,208
0,375 -5,067 5,256
0,400 -5,067 5,329
0,425 -5,023 5,281
0,450 -4,890 5,183
0,475 -4,734 5,013
0,500 -4,423 4,795
0,525 -4,157 4,503
0,550 -3,802 4,211
0,575 -3,380 3,750
0,600 -2,914 3,312
0,625 -2,425 2,778
0,650 -1,893 2,292
0,675 -1,360 1,733
0,700 -0,783 1,198
0,725 -0,205 0,591
0,750 0,394 -0,017
0,775 0,927 -0,600
0,809 1,682 -1,353
0,834 2,259 -1,985
0,859 2,769 -2,495
0,884 3,191 -2,981
0,909 3,657 -3,443
0,934 4,013 -3,856
0,959 4,323 -4,172
0,984 4,590 -4,488
1,009 4,767 -4,682
1,034 4,878 -4,853
1,059 4,923 -4,901
1,084 4,856 -4,901
1,109 4,767 -4,804
1,134 4,612 -4,731
1,159 4,390 -4,464
1,184 4,057 -4,196
1,209 3,702 -3,832
1,234 3,258 -3,443
1,259 2,814 -3,006
1,284 2,325 -2,568
1,309 1,793 -2,034
1,334 1,215 -1,475
1,359 0,638 -0,892
1,384 0,017 -0,308
1,409 -0,538 0,299
1,434 -1,160 0,858
1,459 -1,671 1,417
1,484 -2,248 1,951
1,509 -2,758 2,486
1,534 -3,269 2,972
1,559 -3,669 3,434
1,584 -4,090 3,847
1,609 -4,423 4,236
1,634 -4,734 4,527
1,659 -4,934 4,795
1,684 -5,089 4,940
1,709 -5,178 5,062
1,734 -5,245 5,135
1,759 -5,200 5,135
1,784 -5,089 5,013
1,809 -4,912 4,892
1,834 -4,712 4,697
1,859 -4,423 4,430
1,884 -4,113 4,114
1,909 -3,713 3,750
1,934 -3,291 3,312
1,959 -2,825 2,851
1,984 -2,292 2,340
2,009 -1,737 1,854
2,034 -1,160 1,247
2,059 -0,561 0,712
2,084 -0,006 0,129
2,109 0,616 -0,454
2,134 1,193 -1,037
2,159 1,793 -1,596
2,184 2,325 -2,131
2,209 2,836 -2,593
2,234 3,302 -3,079
2,259 3,746 -3,492
2,284 4,101 -3,880
2,309 4,390 -4,172
2,334 4,634 -4,439
2,359 4,834 -4,609
2,384 4,945 -4,755
2,409 5,012 -4,755
2,434 4,967 -4,780
2,459 4,856 -4,682
2,484 4,679 -4,512
2,509 4,457 -4,245
2,534 4,124 -3,978
2,559 3,746 -3,589
2,584 3,324 -3,200
2,609 2,880 -2,738
2,634 2,370 -2,252
2,659 1,837 -1,718
2,684 1,260 -1,208
2,709 0,683 -0,624
2,734 0,083 -0,041
2,759 -0,538 0,542
2,784 -1,116 1,125
2,809 -1,671 1,684
2,834 -2,226 2,194
2,859 -2,758 2,705
2,884 -3,225 3,142
2,909 -3,669 3,580
2,934 -4,068 3,968
2,959 -4,401 4,309
2,984 -4,690 4,576
3,009 -4,934 4,795
3,034 -5,134 4,965
3,059 -5,178 5,038
3,084 -5,245 5,062
3,109 -5,223 5,038
3,134 -5,134 4,916
3,159 -4,934 4,770
3,184 -4,734 4,552
3,209 -4,468 4,236
3,234 -4,113 3,871
3,259 -3,757 3,482
3,284 -3,336 3,069
3,309 -2,825 2,583
3,334 -2,314 2,049
3,359 -1,759 1,514
3,384 -1,182 0,979
3,409 -0,627 0,372
3,434 -0,006 -0,211
3,459 0,572 -0,794
3,484 1,127 -1,305
3,509 1,704 -1,839
3,534 2,237 -2,374
3,559 2,703 -2,860
3,584 3,191 -3,322
3,609 3,613 -3,759
3,634 4,013 -4,075
3,659 4,279 -4,342
3,684 4,568 -4,585
3,709 4,767 -4,755
3,734 4,878 -4,804
3,759 4,901 -4,828
3,784 4,878 -4,780
3,809 4,745 -4,658
3,834 4,590 -4,439
3,859 4,346 -4,172
3,884 4,057 -3,856
3,909 3,702 -3,467
3,934 3,280 -3,030
3,959 2,792 -2,544
3,984 2,325 -2,034
4,009 1,793 -1,499
4,034 1,238 -0,916
4,059 0,683 -0,381
4,084 0,105 0,226
4,109 -0,494 0,809
4,134 -1,027 1,417
4,159 -1,604 1,951
4,184 -2,137 2,486
4,209 -2,670 2,972
4,234 -3,136 3,482
4,259 -3,602 3,895
4,284 -3,935 4,260
4,309 -4,290 4,552
4,334 -4,557 4,843
4,359 -4,779 5,013
4,384 -4,912 5,159
4,409 -5,023 5,208
4,434 -5,045 5,232
4,459 -5,045 5,135
4,484 -4,934 5,038
4,509 -4,801 4,795
4,534 -4,579 4,600
4,559 -4,335 4,284
4,584 -3,957 3,871
4,609 -3,580 3,458
4,634 -3,158 2,996
4,659 -2,692 2,486
4,684 -2,181 1,976
4,709 -1,671 1,393
4,734 -1,093 0,834
4,759 -0,538 0,202
4,784 0,017 -0,357
4,809 0,572 -0,940
4,834 1,149 -1,523
4,859 1,704 -2,082
4,884 2,237 -2,593
4,909 2,703 -3,079
4,934 3,125 -3,492
4,959 3,524 -3,929
4,984 3,902 -4,245
5,009 4,190 -4,585
5,034 4,434 -4,755
5,059 4,568 -4,925
5,084 4,679 -4,974
5,109 4,679 -4,974
5,134 4,656 -4,877
5,159 4,501 -4,755
5,184 4,368 -4,512
5,209 4,124 -4,269
5,234 3,835 -3,905
5,259 3,435 -3,516
5,284 3,058 -3,030
5,309 2,592 -2,544
5,334 2,126 -2,009
5,359 1,571 -1,426
5,384 1,060 -0,867
5,409 0,505 -0,284
5,434 -0,050 0,323
5,459 -0,649 0,931
5,484 -1,160 1,514
5,509 -1,715 2,097
5,534 -2,226 2,632
5,559 -2,714 3,118
5,584 -3,158 3,628
5,609 -3,558 4,017
5,634 -3,891 4,430
5,659 -4,201 4,697
5,684 -4,468 4,965
5,709 -4,668 5,159
5,734 -4,779 5,281
5,759 -4,867 5,329
5,784 -4,867 5,353
5,809 -4,823 5,256
5,834 -4,712 5,135
5,859 -4,557 4,940
5,884 -4,335 4,697
5,909 -4,090 4,381
5,934 -3,713 3,993
5,959 -3,336 3,531
5,984 -2,892 3,045
6,009 -2,448 2,510
6,034 -1,915 1,976
6,059 -1,404 1,393
6,084 -0,871 0,834
6,109 -0,316 0,202
6,134 0,261 -0,381
6,159 0,816 -0,989
6,184 1,349 -1,548
6,209 1,859 -2,155
6,234 2,348 -2,641
6,259 2,814 -3,151
6,284 3,236 -3,613
6,309 3,613 -4,002
6,334 3,946 -4,342
6,359 4,212 -4,634
6,384 4,390 -4,828
6,409 4,501 -4,974
6,434 4,612 -5,071
6,459 4,590 -5,071
6,484 4,523 -4,974
6,509 4,390 -4,877
6,534 4,168 -4,609
6,559 3,902 -4,366
6,584 3,591 -3,978
6,609 3,213 -3,613
6,634 2,814 -3,151
6,659 2,325 -2,665
6,684 1,837 -2,107
6,709 1,326 -1,572
6,734 0,794 -0,964
6,759 0,239 -0,381
6,784 -0,294 0,251
6,809 -0,894 0,834
6,834 -1,404 1,417
6,859 -1,937 1,976
6,884 -2,425 2,535
6,909 -2,914 3,021
6,934 -3,336 3,531
6,959 -3,691 3,968
6,984 -4,002 4,357
7,009 -4,290 4,624
7,034 -4,512 4,916
7,059 -4,712 5,111
7,084 -4,801 5,281
7,109 -4,845 5,329
7,134 -4,845 5,329
7,159 -4,801 5,256
7,184 -4,623 5,159
7,209 -4,468 4,965
7,234 -4,201 4,697
7,259 -3,891 4,333
7,284 -3,513 4,017
7,309 -3,136 3,555
7,334 -2,692 3,118
7,359 -2,226 2,583
7,384 -1,693 2,049
7,409 -1,182 1,490
7,434 -0,605 0,907
7,459 -0,028 0,323
7,484 0,527 -0,260
7,509 1,060 -0,892
7,534 1,615 -1,450
7,559 2,103 -2,034
7,584 2,592 -2,520
7,609 3,014 -3,030
7,634 3,435 -3,443
7,659 3,791 -3,880
7,684 4,079 -4,196
7,709 4,323 -4,512
7,734 4,545 -4,707
7,759 4,634 -4,877
7,784 4,679 -4,950
7,809 4,634 -4,950
7,834 4,568 -4,877
7,859 4,368 -4,731
7,884 4,168 -4,512
7,909 3,857 -4,245
7,934 3,502 -3,905
7,959 3,102 -3,516
7,984 2,703 -3,054
8,009 2,170 -2,593
8,034 1,682 -2,058
8,059 1,127 -1,523
8,084 0,572 -0,940
8,109 0,017 -0,381
8,134 -0,538 0,226
8,159 -1,093 0,761
8,184 -1,626 1,368
8,209 -2,181 1,903
8,234 -2,692 2,462
8,259 -3,136 2,948
8,284 -3,558 3,409
8,309 -3,935 3,847
8,334 -4,246 4,236
8,359 -4,512 4,503
8,384 -4,712 4,795
8,409 -4,867 4,940
8,434 -4,978 5,086
8,459 -5,023 5,159
8,484 -4,956 5,183
8,509 -4,867 5,062
8,534 -4,712 4,965
8,559 -4,512 4,746
8,584 -4,224 4,503
8,609 -3,891 4,187
8,634 -3,513 3,798
8,659 -3,091 3,361
8,684 -2,625 2,948
8,709 -2,137 2,462
8,734 -1,582 1,951
8,759 -1,049 1,393
8,784 -0,472 0,834
8,809 0,083 0,275
8,834 0,683 -0,308
8,859 1,238 -0,916
8,884 1,793 -1,450
8,909 2,303 -2,009
8,934 2,769 -2,471
8,959 3,213 -2,957
8,984 3,635 -3,370
9,009 3,990 -3,783
9,034 4,301 -4,075
9,059 4,523 -4,366
9,084 4,679 -4,537
9,109 4,790 -4,682
9,134 4,834 -4,731
9,159 4,790 -4,755
9,184 4,679 -4,658
9,209 4,479 -4,464
9,234 4,257 -4,294
9,259 3,924 -4,026
9,284 3,569 -3,662
9,309 3,147 -3,249
9,334 2,725 -2,811
9,359 2,214 -2,350
9,384 1,659 -1,839
9,409 1,127 -1,329
9,434 0,549 -0,770
9,459 -0,006 -0,211
9,484 -0,605 0,372
9,509 -1,182 0,931
9,534 -1,737 1,490
9,559 -2,270 2,024
9,584 -2,758 2,510
9,609 -3,225 2,972
9,634 -3,646 3,434
9,659 -4,024 3,823
9,684 -4,357 4,163
9,709 -4,645 4,430
9,734 -4,845 4,673
9,759 -5,023 4,843
9,784 -5,112 4,916
9,809 -5,112 4,989
9,834 -5,067 4,965
9,859 -4,978 4,892
9,884 -4,823 4,746
9,909 -4,601 4,527
9,934 -4,312 4,260
9,959 -3,957 3,920
9,984 -3,580 3,531
10,009 -3,158 3,118
10,034 -2,670 2,656
10,059 -2,159 2,170
10,084 -1,626 1,660
10,109 -1,071 1,150
10,134 -0,494 0,566
10,159 0,061 0,032
10,184 0,638 -0,551
10,209 1,215 -1,110
10,234 1,748 -1,645
10,259 2,281 -2,155
10,284 2,792 -2,641
10,309 3,213 -3,054
10,334 3,657 -3,467
10,359 4,035 -3,808
10,384 4,323 -4,123
10,409 4,545 -4,342
10,434 4,723 -4,512
10,459 4,834 -4,634
10,484 4,856 -4,658
10,509 4,834 -4,634
10,534 4,723 -4,512
10,559 4,568 -4,342
10,584 4,323 -4,099
10,609 3,990 -3,783
10,634 3,635 -3,467
10,659 3,213 -3,030
10,684 2,747 -2,593
10,709 2,281 -2,082
10,734 1,726 -1,596
10,759 1,193 -1,037
10,784 0,616 -0,478
10,809 0,039 0,105
10,834 -0,538 0,639
10,859 -1,071 1,198
10,884 -1,648 1,757
10,909 -2,181 2,267
10,934 -2,714 2,729
10,959 -3,136 3,191
10,984 -3,602 3,604
11,009 -3,957 3,993
11,034 -4,312 4,309
11,059 -4,579 4,552
11,084 -4,823 4,746
11,109 -4,934 4,892
11,134 -5,045 4,940
11,159 -5,089 4,965
11,184 -5,045 4,892
11,209 -4,956 4,819
11,234 -4,823 4,649
11,259 -4,601 4,430
11,284 -4,312 4,114
11,309 -3,957 3,750
11,334 -3,602 3,312
11,359 -3,158 2,923
11,384 -2,714 2,437
11,409 -2,181 1,927
11,434 -1,671 1,393
11,459 -1,093 0,858
11,484 -0,561 0,299
11,509 0,061 -0,235
11,534 0,594 -0,843
11,559 1,149 -1,353
11,584 1,704 -1,912
11,609 2,237 -2,422
11,634 2,681 -2,908
11,659 3,169 -3,322
11,684 3,569 -3,735
11,709 3,902 -4,026
11,734 4,212 -4,318
11,759 4,434 -4,488
11,784 4,612 -4,658
11,809 4,723 -4,707
11,834 4,745 -4,731
11,859 4,723 -4,658
11,884 4,612 -4,561
11,909 4,457 -4,318
11,934 4,212 -4,075
11,959 3,924 -3,710
11,984 3,524 -3,346
12,009 3,147 -2,908
12,034 2,681 -2,471
12,059 2,214 -1,936
12,084 1,682 -1,426
12,109 1,149 -0,843
12,134 0,616 -0,308
12,159 0,083 0,299
12,184 -0,494 0,858
12,209 -1,049 1,441
12,234 -1,582 1,951
12,259 -2,115 2,510
12,284 -2,625 2,948
12,309 -3,025 3,409
12,334 -3,491 3,847
12,359 -3,824 4,211
12,384 -4,157 4,503
12,409 -4,401 4,746
12,434 -4,623 4,940
12,459 -4,779 5,062
12,484 -4,867 5,111
12,509 -4,867 5,111
12,534 -4,845 5,013
12,559 -4,756 4,916
12,584 -4,623 4,697
12,609 -4,379 4,454
12,634 -4,135 4,163
12,659 -3,802 3,750
12,684 -3,424 3,312
12,709 -2,980 2,899
12,734 -2,559 2,365
12,759 -2,048 1,879
12,784 -1,537 1,320
12,809 -1,005 0,761
12,834 -0,472 0,178
12,859 0,083 -0,406
12,884 0,616 -0,964
12,909 1,193 -1,523
12,934 1,704 -2,082
12,959 2,214 -2,593
12,984 2,658 -3,079
13,009 3,102 -3,492
13,034 3,480 -3,905
13,059 3,813 -4,172
13,084 4,079 -4,488
13,109 4,323 -4,682
13,134 4,434 -4,828
13,159 4,523 -4,877
13,184 4,568 -4,901
13,209 4,501 -4,804
13,234 4,412 -4,682
13,259 4,212 -4,415
13,284 3,946 -4,123
13,309 3,657 -3,808
13,334 3,302 -3,467
13,359 2,903 -2,957
13,384 2,436 -2,495
13,409 1,970 -1,936
13,434 1,460 -1,402
13,459 0,949 -0,843
13,484 0,416 -0,308
13,509 -0,117 0,323
13,534 -0,672 0,907
13,559 -1,160 1,465
13,584 -1,715 2,000
13,609 -2,203 2,559
13,634 -2,670 3,021
13,659 -3,091 3,507
13,684 -3,491 3,920
13,709 -3,824 4,309
13,734 -4,113 4,576
13,759 -4,357 4,867
13,784 -4,534 5,013
13,809 -4,623 5,135
13,834 -4,734 5,208
13,859 -4,756 5,232
13,884 -4,668 5,111
13,909 -4,579 5,038
13,934 -4,423 4,795
13,959 -4,179 4,576
13,984 -3,891 4,236
14,009 -3,535 3,847
14,034 -3,202 3,434
14,059 -2,758 2,948
14,084 -2,314 2,462
14,109 -1,782 1,927
14,134 -1,315 1,368
14,159 -0,783 0,785
14,184 -0,250 0,202
14,209 0,305 -0,357
14,234 0,816 -0,964
14,259 1,371 -1,523
14,284 1,881 -2,107
14,309 2,370 -2,568
14,334 2,769 -3,079
14,359 3,213 -3,516
14,384 3,569 -3,880
14,409 3,902 -4,221
14,434 4,101 -4,488
14,459 4,301 -4,707
14,484 4,434 -4,877
14,509 4,501 -4,925
14,534 4,479 -4,925
14,559 4,412 -4,828
14,584 4,235 -4,707
14,609 4,057 -4,488
14,634 3,791 -4,221
14,659 3,458 -3,880
14,684 3,102 -3,516
14,709 2,703 -3,054
14,734 2,214 -2,593
14,759 1,726 -2,034
14,784 1,193 -1,499
14,809 0,705 -0,916
14,834 0,172 -0,381
14,859 -0,361 0,251
14,884 -0,916 0,834
14,909 -1,426 1,368
14,934 -1,937 1,903
14,959 -2,425 2,462
14,984 -2,869 2,948
15,009 -3,291 3,434
15,034 -3,669 3,847
15,059 -3,979 4,211
15,084 -4,246 4,479
15,109 -4,446 4,770
15,134 -4,623 4,940
15,159 -4,734 5,111
15,184 -4,734 5,135
15,209 -4,712 5,159
15,234 -4,668 5,111
15,259 -4,512 4,989
15,284 -4,335 4,770
15,309 -4,046 4,552
15,334 -3,757 4,236
15,359 -3,380 3,847
15,384 -2,980 3,434
15,409 -2,536 3,021
15,434 -2,070 2,462
15,459 -1,560 1,976
15,484 -1,093 1,417
15,509 -0,538 0,858
15,534 0,017 0,275
15,559 0,572 -0,284
15,584 1,104 -0,892
15,609 1,637 -1,426
15,634 2,126 -1,985
15,659 2,614 -2,495
15,684 3,014 -2,981
15,709 3,413 -3,346
15,734 3,746 -3,759
15,759 4,057 -4,099
15,784 4,279 -4,415
15,809 4,457 -4,609
15,834 4,545 -4,731
15,859 4,590 -4,780
15,884 4,545 -4,780
15,909 4,457 -4,707
15,934 4,279 -4,561
15,959 4,035 -4,342
15,984 3,724 -4,099
16,009 3,413 -3,759
16,034 3,014 -3,394
16,059 2,570 -2,933
16,084 2,126 -2,471
16,109 1,615 -1,985
16,134 1,082 -1,450
16,159 0,549 -0,916
16,184 -0,006 -0,357
16,209 -0,561 0,226
16,234 -1,116 0,809
16,259 -1,648 1,344
16,284 -2,181 1,879
16,309 -2,647 2,389
16,334 -3,091 2,851
16,359 -3,535 3,312
16,384 -3,868 3,701
16,409 -4,201 4,066
16,434 -4,446 4,357
16,459 -4,645 4,600
16,484 -4,779 4,795
16,509 -4,890 4,916
16,534 -4,912 4,965
16,559 -4,867 4,940
16,584 -4,756 4,867
16,609 -4,601 4,746
16,634 -4,401 4,576
16,659 -4,135 4,309
16,684 -3,824 4,017
16,709 -3,469 3,652
16,734 -3,025 3,239
16,759 -2,536 2,778
16,784 -2,026 2,316
16,809 -1,515 1,830
16,834 -1,005 1,320
16,859 -0,450 0,761
16,884 0,128 0,178
16,909 0,660 -0,357
16,934 1,193 -0,940
16,959 1,726 -1,450
16,984 2,281 -1,985
17,009 2,725 -2,471
17,034 3,147 -2,908
17,059 3,569 -3,322
17,084 3,924 -3,662
17,109 4,212 -3,978
17,134 4,457 -4,221
17,159 4,590 -4,415
17,184 4,679 -4,537
17,209 4,701 -4,585
17,234 4,701 -4,585
17,259 4,590 -4,512
17,284 4,434 -4,318
17,309 4,168 -4,123
17,334 3,902 -3,856
17,359 3,524 -3,540
17,384 3,125 -3,127
17,409 2,636 -2,714
17,434 2,192 -2,252
17,459 1,682 -1,791
17,484 1,127 -1,232
17,509 0,572 -0,697
17,534 0,017 -0,138
17,559 -0,583 0,396
17,584 -1,138 0,979
17,609 -1,671 1,465
17,634 -2,203 2,000
17,659 -2,692 2,462
17,684 -3,158 2,948
17,709 -3,580 3,337
17,734 -3,935 3,725
17,759 -4,246 4,041
17,784 -4,512 4,333
17,809 -4,734 4,527
17,834 -4,890 4,722
17,859 -4,956 4,795
17,884 -5,001 4,843
17,909 -4,956 4,795
17,934 -4,845 4,722
17,959 -4,712 4,576
17,984 -4,468 4,357
18,009 -4,224 4,066
18,034 -3,868 3,750
18,059 -3,513 3,409
18,084 -3,091 2,996
18,109 -2,670 2,559
18,134 -2,115 2,097
18,159 -1,582 1,563
18,184 -1,049 1,052
18,209 -0,538 0,493
18,234 0,061 -0,017
18,259 0,638 -0,576
18,284 1,193 -1,135
18,309 1,704 -1,645
18,334 2,237 -2,155
18,359 2,703 -2,617
18,384 3,147 -3,030
18,409 3,569 -3,419
18,434 3,924 -3,735
18,459 4,212 -4,026
18,484 4,434 -4,245
18,509 4,590 -4,415
18,534 4,723 -4,512
18,559 4,745 -4,537
18,584 4,723 -4,464
18,609 4,634 -4,391
18,634 4,434 -4,172
18,659 4,212 -3,953
18,684 3,946 -3,662
18,709 3,569 -3,346
18,734 3,147 -2,908
18,759 2,703 -2,471
18,784 2,214 -1,961
18,809 1,704 -1,475
18,834 1,193 -0,940
18,859 0,638 -0,406
18,884 0,083 0,153
18,909 -0,494 0,688
18,934 -1,027 1,222
18,959 -1,582 1,733
18,984 -2,092 2,267
19,009 -2,603 2,705
19,034 -3,047 3,166
19,059 -3,469 3,531
19,084 -3,824 3,920
19,109 -4,157 4,211
19,134 -4,423 4,479
19,159 -4,668 4,649
19,184 -4,756 4,770
19,209 -4,890 4,843
19,234 -4,934 4,892
19,259 -4,890 4,819
19,284 -4,779 4,697
19,309 -4,668 4,527
19,334 -4,446 4,309
19,359 -4,179 4,017
19,384 -3,868 3,677
19,409 -3,535 3,264
19,434 -3,091 2,851
19,459 -2,647 2,389
19,484 -2,137 1,879
19,509 -1,626 1,320
19,534 -1,071 0,809
19,559 -0,561 0,275
19,584 0,017 -0,284
19,609 0,549 -0,867
19,634 1,104 -1,353
19,659 1,659 -1,936
19,684 2,148 -2,398
19,709 2,614 -2,860
19,734 3,036 -3,249
19,759 3,435 -3,662
19,784 3,813 -3,978
19,809 4,057 -4,221
19,834 4,279 -4,415
19,859 4,434 -4,609
19,884 4,545 -4,634
19,909 4,568 -4,658
19,934 4,568 -4,561
19,959 4,457 -4,439
19,984 4,323 -4,245
20,009 4,079 -4,026
20,034 3,768 -3,637
20,059 3,435 -3,297
20,084 3,058 -2,860
20,109 2,614 -2,398
20,134 2,170 -1,888
20,159 1,659 -1,426
20,184 1,149 -0,819
20,209 0,616 -0,308
20,234 0,061 0,275
20,259 -0,494 0,809
20,284 -0,982 1,393
20,309 -1,515 1,879
20,334 -2,026 2,437
20,359 -2,514 2,899
20,384 -2,936 3,361
20,409 -3,380 3,750
20,434 -3,713 4,090
20,459 -4,024 4,381
20,484 -4,246 4,649
20,509 -4,468 4,795
20,534 -4,601 4,940
20,559 -4,712 4,989
20,584 -4,734 5,038
20,609 -4,690 4,940
20,634 -4,579 4,795
20,659 -4,446 4,624
20,684 -4,268 4,430
20,709 -3,979 4,066
20,734 -3,669 3,677
20,759 -3,313 3,288
20,784 -2,892 2,851
20,809 -2,492 2,365
20,834 -1,959 1,854
20,859 -1,493 1,295
20,884 -0,938 0,761
20,909 -0,472 0,202
20,934 0,083 -0,357
20,959 0,616 -0,964
20,984 1,149 -1,499
21,009 1,637 -2,034
21,034 2,148 -2,495
21,059 2,570 -2,981
21,084 3,014 -3,419
21,109 3,369 -3,808
21,134 3,702 -4,099
21,159 3,946 -4,391
21,184 4,190 -4,561
21,209 4,323 -4,731
21,234 4,390 -4,780
21,259 4,390 -4,780
21,284 4,368 -4,731
21,309 4,235 -4,609
21,334 4,101 -4,366
21,359 3,835 -4,123
21,384 3,524 -3,759
21,409 3,191 -3,419
21,434 2,814 -2,957
21,459 2,392 -2,520
21,484 1,948 -1,985
21,509 1,437 -1,450
21,534 0,927 -0,916
21,559 0,394 -0,333
21,584 -0,117 0,251
21,609 -0,649 0,809
21,634 -1,138 1,368
21,659 -1,671 1,903
21,684 -2,181 2,462
21,709 -2,603 2,948
21,734 -2,980 3,385
21,759 -3,380 3,774
21,784 -3,713 4,138
21,809 -4,002 4,430
21,834 -4,224 4,673
21,859 -4,423 4,892
21,884 -4,512 5,013
21,909 -4,601 5,062
21,934 -4,601 5,086
21,959 -4,557 5,038
21,984 -4,446 4,916
22,009 -4,268 4,697
22,034 -4,024 4,454
22,059 -3,757 4,138
22,084 -3,424 3,774
22,109 -3,069 3,385
22,134 -2,647 2,948
22,159 -2,226 2,486
22,184 -1,737 1,951
22,209 -1,227 1,368
22,234 -0,716 0,809
22,259 -0,205 0,275
22,284 0,305 -0,308
22,309 0,860 -0,892
22,334 1,326 -1,426
22,359 1,859 -1,985
22,384 2,281 -2,471
22,409 2,769 -2,957
22,434 3,147 -3,370
22,459 3,480 -3,735
22,484 3,746 -4,075
22,509 4,035 -4,366
22,534 4,212 -4,609
22,559 4,323 -4,755
22,584 4,368 -4,804
22,609 4,368 -4,804
22,634 4,301 -4,755
22,659 4,146 -4,585
22,684 3,946 -4,366
22,709 3,702 -4,099
22,734 3,391 -3,808
22,759 3,014 -3,443
22,784 2,592 -3,006
22,809 2,192 -2,544
22,834 1,682 -2,058
22,859 1,193 -1,499
22,884 0,660 -0,964
22,909 0,172 -0,406
22,934 -0,383 0,153
22,959 -0,894 0,712
22,984 -1,404 1,247
23,009 -1,870 1,806
23,034 -2,359 2,316
23,059 -2,803 2,802
23,084 -3,225 3,264
23,109 -3,580 3,701
23,134 -3,913 4,041
23,159 -4,135 4,357
23,184 -4,379 4,600
23,209 -4,534 4,819
23,234 -4,623 4,940
23,259 -4,645 5,013
23,284 -4,645 5,013
23,309 -4,534 4,965
23,334 -4,401 4,795
23,359 -4,201 4,673
23,384 -4,002 4,430
23,409 -3,669 4,114
23,434 -3,336 3,725
23,459 -2,958 3,361
23,484 -2,536 2,923
23,509 -2,026 2,462
23,534 -1,560 1,951
23,559 -1,027 1,441
23,584 -0,516 0,858
23,609 0,039 0,323
23,634 0,527 -0,260
23,659 1,082 -0,819
23,684 1,571 -1,329
23,709 2,081 -1,839
23,734 2,525 -2,350
23,759 2,991 -2,811
23,784 3,324 -3,249
23,809 3,657 -3,613
23,834 3,968 -3,929
23,859 4,212 -4,172
23,884 4,390 -4,415
23,909 4,457 -4,537
23,934 4,501 -4,658
23,959 4,457 -4,634
23,984 4,368 -4,585
24,009 4,212 -4,439
24,034 4,013 -4,269
24,059 3,702 -3,978
24,084 3,391 -3,710
24,109 3,036 -3,322
24,134 2,592 -2,933
24,159 2,126 -2,447
24,184 1,637 -1,985
24,209 1,127 -1,450
24,234 0,616 -0,964
24,259 0,083 -0,406
24,284 -0,472 0,129
24,309 -1,005 0,688
24,334 -1,515 1,198
24,359 -2,004 1,733
24,384 -2,536 2,243
24,409 -2,980 2,729
24,434 -3,380 3,142
24,459 -3,713 3,531
24,484 -4,046 3,895
24,509 -4,312 4,211
24,534 -4,534 4,430
24,559 -4,645 4,600
24,584 -4,801 4,722
24,609 -4,801 4,819
24,634 -4,801 4,795
24,659 -4,690 4,770
24,684 -4,534 4,600
24,709 -4,312 4,430
24,734 -4,090 4,211
24,759 -3,757 3,920
24,784 -3,424 3,580
24,809 -3,025 3,191
24,834 -2,603 2,753
24,859 -2,070 2,316
24,884 -1,582 1,781
24,909 -1,027 1,295
24,934 -0,538 0,736
24,959 0,061 0,251
24,984 0,572 -0,308
25,009 1,127 -0,867
25,034 1,637 -1,378
25,059 2,148 -1,864
25,084 2,614 -2,350
25,109 3,036 -2,763
25,134 3,391 -3,176
25,159 3,791 -3,516
25,184 4,057 -3,832
25,209 4,323 -4,075
25,234 4,479 -4,269
25,259 4,590 -4,366
25,284 4,634 -4,439
25,309 4,590 -4,391
25,334 4,501 -4,366
25,359 4,368 -4,221
25,384 4,124 -4,026
25,409 3,857 -3,759
25,434 3,502 -3,443
25,459 3,125 -3,054
25,484 2,681 -2,665
25,509 2,237 -2,204
25,534 1,748 -1,742
25,559 1,193 -1,208
25,584 0,660 -0,746
25,609 0,128 -0,211
25,634 -0,427 0,299
25,659 -0,982 0,882
25,684 -1,515 1,344
25,709 -2,048 1,879
25,734 -2,536 2,340
25,759 -2,980 2,802
25,784 -3,402 3,191
25,809 -3,735 3,580
25,834 -4,068 3,871
25,859 -4,335 4,187
25,884 -4,557 4,357
25,909 -4,734 4,552
25,934 -4,845 4,624
25,959 -4,845 4,649
25,984 -4,823 4,624
26,009 -4,734 4,576
26,034 -4,645 4,454
26,059 -4,401 4,260
26,084 -4,179 3,993
26,109 -3,824 3,677
26,134 -3,491 3,337
26,159 -3,091 2,948
26,184 -2,647 2,486
26,209 -2,137 2,024
26,234 -1,671 1,538
26,259 -1,138 1,052
26,284 -0,605 0,518
26,309 -0,028 0,007
26,334 0,483 -0,527
26,359 1,038 -1,062
26,384 1,548 -1,572
26,409 2,081 -2,034
26,434 2,547 -2,544
26,459 2,969 -2,908
26,484 3,369 -3,322
26,509 3,746 -3,637
26,534 4,035 -3,929
26,559 4,279 -4,123
26,584 4,457 -4,318
26,609 4,568 -4,391
26,634 4,612 -4,415
26,659 4,612 -4,366
26,684 4,501 -4,318
26,709 4,368 -4,123
26,734 4,124 -3,905
26,759 3,879 -3,613
26,784 3,524 -3,297
26,809 3,191 -2,908
26,834 2,725 -2,471
26,859 2,281 -2,009
26,884 1,793 -1,523
26,909 1,282 -0,989
26,934 0,749 -0,503
26,959 0,239 0,056
26,984 -0,361 0,566
27,009 -0,871 1,101
27,034 -1,382 1,587
27,059 -1,915 2,122
27,084 -2,425 2,583
27,109 -2,869 3,021
27,134 -3,291 3,409
27,159 -3,646 3,823
27,184 -3,979 4,066
27,209 -4,224 4,333
27,234 -4,468 4,503
27,259 -4,623 4,697
27,284 -4,734 4,746
27,309 -4,756 4,746
27,334 -4,734 4,673
27,359 -4,668 4,600
27,384 -4,557 4,454
27,409 -4,335 4,236
27,434 -4,113 3,920
27,459 -3,802 3,604
27,484 -3,491 3,239
27,509 -3,069 2,826
27,534 -2,647 2,340
27,559 -2,159 1,903
27,584 -1,693 1,393
27,609 -1,160 0,858
27,634 -0,649 0,323
27,659 -0,117 -0,211
27,684 0,416 -0,746
27,709 0,949 -1,280
27,734 1,460 -1,791
27,759 1,992 -2,277
27,784 2,414 -2,738
27,809 2,858 -3,151
27,834 3,258 -3,565
27,859 3,613 -3,856
27,884 3,879 -4,123
27,909 4,101 -4,294
27,934 4,279 -4,464
27,959 4,390 -4,537
27,984 4,457 -4,585
28,009 4,457 -4,537
28,034 4,346 -4,415
28,059 4,190 -4,196
28,084 3,968 -3,978
28,109 3,724 -3,686
28,134 3,347 -3,297
28,159 3,014 -2,884
28,184 2,614 -2,471
28,209 2,170 -1,961
28,234 1,682 -1,450
28,259 1,238 -0,964
28,284 0,683 -0,430
28,309 0,150 0,153
28,334 -0,383 0,712
28,359 -0,894 1,247
28,384 -1,404 1,781
28,409 -1,893 2,267
28,434 -2,359 2,729
28,459 -2,803 3,191
28,484 -3,180 3,555
28,509 -3,513 3,920
28,534 -3,846 4,236
28,559 -4,113 4,503
28,584 -4,290 4,673
28,609 -4,446 4,843
28,634 -4,557 4,916
28,659 -4,579 4,892
28,684 -4,557 4,843
28,709 -4,468 4,722
28,734 -4,335 4,552
28,759 -4,135 4,309
28,784 -3,891 4,066
28,809 -3,602 3,701
28,834 -3,247 3,288
28,859 -2,892 2,875
28,884 -2,448 2,413
28,909 -2,004 1,927
28,934 -1,493 1,393
28,959 -1,027 0,834
28,984 -0,516 0,323
29,009 0,017 -0,284
29,034 0,527 -0,794
29,059 1,038 -1,353
29,084 1,548 -1,864
29,109 1,970 -2,350
29,134 2,414 -2,787
29,159 2,858 -3,249
29,184 3,236 -3,637
29,209 3,524 -3,978
29,234 3,791 -4,196
29,259 4,013 -4,439
29,284 4,168 -4,561
29,309 4,257 -4,707
29,334 4,301 -4,731
29,359 4,235 -4,658
29,384 4,124 -4,488
29,409 3,946 -4,318
29,434 3,768 -4,075
29,459 3,480 -3,808
29,484 3,169 -3,443
29,509 2,792 -3,054
29,534 2,392 -2,544
29,559 1,926 -2,058
29,584 1,482 -1,523
29,609 0,993 -1,013
29,634 0,505 -0,454
29,659 -0,050 0,105
29,684 -0,538 0,664
29,709 -1,049 1,174
29,734 -1,515 1,757
29,759 -2,026 2,243
29,784 -2,448 2,729
29,809 -2,847 3,166
29,834 -3,202 3,580
29,859 -3,558 3,944
29,884 -3,846 4,284
29,909 -4,090 4,527
29,934 -4,246 4,722
29,959 -4,401 4,843
29,984 -4,446 4,940
30,009 -4,490 4,989
30,034 -4,423 4,940
30,059 -4,335 4,819
30,084 -4,179 4,673
30,109 -3,979 4,430
30,134 -3,691 4,138
30,159 -3,402 3,750
30,184 -3,025 3,434
30,209 -2,625 2,972
30,234 -2,159 2,535
30,259 -1,737 2,000
30,284 -1,249 1,514
30,309 -0,783 0,979
30,334 -0,250 0,421
30,359 0,239 -0,138
30,384 0,771 -0,697
30,409 1,238 -1,256
30,434 1,748 -1,766
30,459 2,170 -2,277
30,484 2,614 -2,714
30,509 2,969 -3,176
30,534 3,347 -3,540
30,559 3,657 -3,905
30,584 3,902 -4,148
30,609 4,057 -4,391
30,634 4,235 -4,512
30,659 4,279 -4,658
30,684 4,301 -4,658
30,709 4,235 -4,658
30,734 4,101 -4,488
30,759 3,902 -4,342
30,784 3,657 -4,075
30,809 3,369 -3,808
30,834 3,036 -3,419
30,859 2,658 -3,054
30,884 2,214 -2,568
30,909 1,748 -2,131
30,934 1,282 -1,621
30,959 0,771 -1,110
30,984 0,261 -0,527
31,009 -0,250 -0,017
31,034 -0,760 0,542
31,059 -1,271 1,077
31,084 -1,737 1,587
31,109 -2,248 2,097
31,134 -2,647 2,583
31,159 -3,069 3,045
31,184 -3,424 3,434
31,209 -3,757 3,798
31,234 -4,024 4,138
31,259 -4,246 4,357
31,284 -4,357 4,576
31,309 -4,490 4,746
31,334 -4,534 4,843
31,359 -4,557 4,843
31,384 -4,468 4,819
31,409 -4,379 4,673
31,434 -4,179 4,527
31,459 -3,979 4,333
31,484 -3,669 4,090
31,509 -3,336 3,701
31,534 -2,958 3,337
31,559 -2,559 2,923
31,584 -2,070 2,486
31,609 -1,626 2,000
31,634 -1,160 1,514
31,659 -0,649 0,979
31,684 -0,094 0,469
31,709 0,416 -0,114
31,734 0,927 -0,624
31,759 1,415 -1,159
31,784 1,904 -1,645
31,809 2,370 -2,155
31,834 2,814 -2,617
31,859 3,191 -3,054
31,884 3,546 -3,419
31,909 3,835 -3,735
31,934 4,057 -4,002
31,959 4,235 -4,221
31,984 4,368 -4,342
32,009 4,390 -4,464
32,034 4,412 -4,512
32,059 4,323 -4,464
32,084 4,190 -4,342
32,109 3,990 -4,196
32,134 3,746 -3,929
32,159 3,413 -3,637
32,184 3,080 -3,297
32,209 2,636 -2,933
32,234 2,192 -2,471
32,259 1,726 -2,009
32,284 1,238 -1,523
32,309 0,705 -1,037
32,334 0,194 -0,478
32,359 -0,383 0,056
32,384 -0,871 0,615
32,409 -1,382 1,077
32,434 -1,870 1,611
32,459 -2,337 2,049
32,484 -2,781 2,535
32,509 -3,180 2,923
32,534 -3,535 3,337
32,559 -3,891 3,677
32,584 -4,135 4,017
32,609 -4,401 4,260
32,634 -4,512 4,454
32,659 -4,645 4,552
32,684 -4,690 4,600
32,709 -4,712 4,649
32,734 -4,601 4,600
32,759 -4,490 4,503
32,784 -4,290 4,333
32,809 -4,046 4,090
32,834 -3,757 3,847
32,859 -3,424 3,482
32,884 -3,047 3,166
32,909 -2,647 2,753
32,934 -2,137 2,316
32,959 -1,671 1,806
32,984 -1,160 1,344
33,009 -0,649 0,809
33,034 -0,094 0,323
33,059 0,416 -0,211
33,084 0,949 -0,721
33,109 1,437 -1,232
33,134 1,992 -1,718
33,159 2,436 -2,204
33,184 2,880 -2,617
33,209 3,280 -3,030
33,234 3,657 -3,370
33,259 3,902 -3,662
33,284 4,168 -3,929
33,309 4,323 -4,099
33,334 4,479 -4,245
33,359 4,545 -4,318
33,384 4,501 -4,318
33,409 4,457 -4,269
33,434 4,301 -4,148
33,459 4,101 -3,953
33,484 3,835 -3,710
33,509 3,502 -3,394
33,534 3,147 -3,054
33,559 2,725 -2,665
33,584 2,325 -2,252
33,609 1,859 -1,815
33,634 1,349 -1,329
33,659 0,794 -0,819
33,684 0,261 -0,284
33,709 -0,294 0,251
33,734 -0,805 0,761
33,759 -1,315 1,222
33,784 -1,826 1,708
33,809 -2,292 2,170
33,834 -2,758 2,608
33,859 -3,202 3,021
33,884 -3,558 3,385
33,909 -3,891 3,750
33,934 -4,157 3,993
33,959 -4,357 4,211
33,984 -4,557 4,381
34,009 -4,668 4,503
34,034 -4,712 4,527
34,059 -4,712 4,576
34,084 -4,645 4,454
34,109 -4,557 4,357
34,134 -4,379 4,163
34,159 -4,157 3,968
34,184 -3,846 3,628
34,209 -3,513 3,312
34,234 -3,158 2,948
34,259 -2,736 2,535
34,284 -2,270 2,049
34,309 -1,759 1,587
34,334 -1,249 1,077
34,359 -0,738 0,615
34,384 -0,205 0,080
34,409 0,305 -0,430
34,434 0,838 -0,964
34,459 1,371 -1,450
34,484 1,837 -1,912
34,509 2,348 -2,398
34,534 2,769 -2,811
34,559 3,169 -3,176
34,584 3,502 -3,492
34,609 3,835 -3,783
34,634 4,079 -4,026
34,659 4,279 -4,196
34,684 4,412 -4,318
34,709 4,501 -4,318
34,734 4,457 -4,318
34,759 4,412 -4,221
34,784 4,257 -4,099
34,809 4,057 -3,856
34,834 3,813 -3,637
34,859 3,546 -3,297
34,884 3,169 -2,933
34,909 2,814 -2,520
34,934 2,348 -2,082
34,959 1,881 -1,572
34,984 1,371 -1,135
35,009 0,882 -0,600
35,034 0,350 -0,065
35,059 -0,139 0,445
35,084 -0,694 0,931
35,109 -1,182 1,465
35,134 -1,693 1,927
35,159 -2,159 2,413
35,184 -2,625 2,851
35,209 -3,025 3,264
35,234 -3,402 3,604
35,259 -3,713 3,944
35,284 -4,002 4,163
35,309 -4,246 4,430
35,334 -4,423 4,552
35,360 -4,512 4,624
35,385 -4,601 4,624
35,410 -4,601 4,649
35,435 -4,534 4,527
35,460 -4,423 4,406
35,485 -4,246 4,163
35,510 -4,002 3,968
35,535 -3,757 3,628
35,560 -3,424 3,264
35,585 -3,069 2,826
35,610 -2,647 2,437
35,635 -2,226 1,951
35,660 -1,715 1,465
35,685 -1,249 0,955
35,710 -0,738 0,469
35,735 -0,228 -0,090
35,760 0,283 -0,600
35,785 0,816 -1,159
35,810 1,304 -1,621
35,835 1,793 -2,131
35,860 2,237 -2,568
35,885 2,681 -3,006
35,910 3,058 -3,346
35,935 3,391 -3,710
