Pendel 1 in Ruhe
Pendel 2 ausgelenkt0,025 4,623 5,083
0,050 6,044 6,663
0,086 6,643 7,343
0,111 6,932 7,683
0,136 7,087 7,854
0,161 7,176 7,926
0,186 7,176 7,926
0,211 7,087 7,902
0,236 6,932 7,732
0,261 6,777 7,513
0,286 6,510 7,197
0,311 6,199 6,882
0,336 5,800 6,444
0,361 5,378 6,007
0,386 4,867 5,448
0,411 4,335 4,889
0,436 3,757 4,209
0,461 3,180 3,577
0,486 2,536 2,848
0,511 1,893 2,119
0,536 1,204 1,341
0,561 0,516 0,588
0,586 -0,150 -0,190
0,611 -0,838 -0,943
0,648 -1,793 -1,964
0,673 -2,481 -2,765
0,698 -3,125 -3,494
0,723 -3,724 -4,151
0,748 -4,301 -4,782
0,773 -4,812 -5,366
0,798 -5,300 -5,925
0,823 -5,744 -6,362
0,848 -6,144 -6,824
0,873 -6,432 -7,164
0,898 -6,699 -7,455
0,923 -6,854 -7,674
0,948 -7,032 -7,844
0,973 -7,076 -7,893
0,998 -7,076 -7,893
1,023 -7,032 -7,820
1,048 -6,921 -7,674
1,073 -6,699 -7,455
1,098 -6,477 -7,164
1,123 -6,144 -6,799
1,148 -5,789 -6,410
1,173 -5,345 -5,925
1,198 -4,901 -5,390
1,223 -4,368 -4,807
1,248 -3,813 -4,175
1,273 -3,213 -3,494
1,298 -2,614 -2,838
1,323 -1,948 -2,085
1,348 -1,282 -1,356
1,373 -0,572 -0,554
1,398 0,094 0,175
1,423 0,783 0,977
1,448 1,449 1,706
1,473 2,159 2,435
1,498 2,758 3,164
1,523 3,380 3,893
1,548 3,957 4,524
1,573 4,512 5,132
1,598 5,045 5,667
1,623 5,511 6,201
1,648 5,911 6,663
1,673 6,310 7,052
1,698 6,599 7,343
1,723 6,843 7,586
1,748 6,999 7,756
1,773 7,132 7,902
1,798 7,154 7,902
1,823 7,154 7,902
1,848 7,065 7,756
1,873 6,888 7,611
1,898 6,666 7,319
1,923 6,377 7,027
1,948 6,044 6,614
1,973 5,667 6,177
1,998 5,223 5,642
2,023 4,734 5,083
2,048 4,179 4,476
2,073 3,580 3,820
2,098 2,958 3,115
2,123 2,337 2,410
2,148 1,693 1,657
2,173 1,049 0,928
2,198 0,316 0,150
2,223 -0,372 -0,603
2,248 -1,060 -1,380
2,273 -1,726 -2,109
2,298 -2,392 -2,863
2,323 -3,036 -3,543
2,348 -3,657 -4,199
2,373 -4,212 -4,807
2,398 -4,767 -5,414
2,423 -5,211 -5,949
2,448 -5,655 -6,410
2,473 -6,055 -6,799
2,498 -6,388 -7,139
2,523 -6,654 -7,431
2,548 -6,876 -7,650
2,573 -6,987 -7,771
2,598 -7,076 -7,868
2,623 -7,076 -7,844
2,648 -7,076 -7,771
2,673 -6,921 -7,601
2,698 -6,743 -7,407
2,723 -6,499 -7,115
2,748 -6,255 -6,751
2,773 -5,855 -6,313
2,798 -5,456 -5,852
2,823 -4,989 -5,317
2,848 -4,479 -4,758
2,873 -3,924 -4,102
2,898 -3,347 -3,446
2,923 -2,725 -2,717
2,948 -2,059 -2,012
2,973 -1,371 -1,259
2,998 -0,705 -0,506
3,023 -0,017 0,272
3,048 0,649 1,001
3,073 1,360 1,779
3,098 2,026 2,508
3,123 2,692 3,212
3,148 3,291 3,893
3,173 3,935 4,524
3,198 4,468 5,132
3,223 5,001 5,691
3,248 5,467 6,177
3,273 5,889 6,639
3,298 6,244 7,003
3,323 6,555 7,319
3,348 6,799 7,562
3,373 6,999 7,732
3,398 7,110 7,805
3,423 7,198 7,854
3,448 7,176 7,805
3,473 7,110 7,683
3,498 6,932 7,489
3,523 6,732 7,246
3,548 6,466 6,882
3,573 6,155 6,541
3,598 5,711 6,080
3,623 5,311 5,569
3,648 4,779 4,986
3,673 4,268 4,427
3,698 3,691 3,723
3,723 3,114 3,067
3,748 2,448 2,313
3,773 1,782 1,584
3,798 1,093 0,831
3,823 0,405 0,102
3,848 -0,283 -0,651
3,873 -0,971 -1,405
3,898 -1,659 -2,134
3,923 -2,303 -2,838
3,948 -2,969 -3,543
3,973 -3,591 -4,199
3,998 -4,168 -4,807
4,023 -4,701 -5,366
4,048 -5,189 -5,900
4,073 -5,633 -6,386
4,098 -6,055 -6,775
4,123 -6,366 -7,091
4,148 -6,654 -7,382
4,173 -6,876 -7,577
4,198 -7,054 -7,723
4,223 -7,121 -7,747
4,248 -7,143 -7,771
4,273 -7,121 -7,650
4,298 -7,032 -7,528
4,323 -6,810 -7,285
4,348 -6,566 -6,994
4,373 -6,277 -6,629
4,398 -5,944 -6,216
4,423 -5,544 -5,754
4,448 -5,100 -5,220
4,473 -4,590 -4,612
4,498 -4,035 -4,005
4,523 -3,413 -3,324
4,548 -2,814 -2,668
4,573 -2,148 -1,939
4,598 -1,504 -1,210
4,623 -0,794 -0,457
4,648 -0,083 0,272
4,673 0,605 1,050
4,698 1,271 1,754
4,723 1,981 2,508
4,748 2,625 3,188
4,773 3,269 3,893
4,798 3,846 4,524
4,823 4,446 5,108
4,848 4,956 5,618
4,873 5,445 6,128
4,898 5,866 6,566
4,923 6,266 6,930
4,948 6,577 7,222
4,973 6,865 7,465
4,998 7,065 7,635
5,023 7,198 7,708
5,048 7,243 7,732
5,073 7,243 7,683
5,098 7,176 7,562
5,123 7,043 7,416
5,148 6,821 7,125
5,173 6,577 6,857
5,198 6,244 6,444
5,223 5,844 5,982
5,248 5,378 5,448
5,273 4,890 4,889
5,298 4,379 4,281
5,323 3,824 3,674
5,348 3,180 2,969
5,373 2,559 2,289
5,398 1,848 1,560
5,423 1,182 0,831
5,448 0,472 0,078
5,473 -0,216 -0,676
5,498 -0,927 -1,429
5,523 -1,571 -2,134
5,548 -2,303 -2,838
5,573 -2,925 -3,494
5,598 -3,546 -4,126
5,623 -4,124 -4,758
5,648 -4,701 -5,317
5,673 -5,189 -5,827
5,698 -5,655 -6,289
5,723 -6,077 -6,678
5,748 -6,410 -7,018
5,773 -6,677 -7,261
5,798 -6,943 -7,455
5,823 -7,076 -7,577
5,848 -7,187 -7,625
5,873 -7,232 -7,650
5,898 -7,187 -7,577
5,923 -7,054 -7,382
5,948 -6,876 -7,188
5,981 -6,654 -6,896
6,007 -6,299 -6,435
6,032 -5,877 -5,949
6,057 -5,478 -5,438
6,082 -4,989 -4,904
6,107 -4,457 -4,345
6,132 -3,857 -3,689
6,157 -3,258 -3,033
6,182 -2,636 -2,352
6,207 -1,992 -1,648
6,232 -1,282 -0,919
6,257 -0,594 -0,190
6,282 0,117 0,539
6,307 0,805 1,268
6,332 1,537 1,997
6,357 2,181 2,678
6,382 2,869 3,382
6,407 3,491 4,038
6,432 4,113 4,646
6,457 4,645 5,181
6,482 5,200 5,739
6,507 5,644 6,177
6,532 6,088 6,590
6,557 6,421 6,930
6,582 6,754 7,246
6,607 6,976 7,416
6,632 7,198 7,538
6,657 7,287 7,586
6,682 7,332 7,611
6,707 7,309 7,538
6,732 7,221 7,416
6,757 7,065 7,197
6,782 6,843 6,930
6,807 6,532 6,590
6,832 6,177 6,201
6,857 5,755 5,715
6,882 5,289 5,205
6,907 4,779 4,622
6,932 4,224 4,087
6,957 3,624 3,407
6,982 3,003 2,751
7,007 2,337 1,997
7,032 1,671 1,317
7,057 0,938 0,564
7,082 0,250 -0,165
7,107 -0,461 -0,919
7,132 -1,127 -1,599
7,157 -1,859 -2,328
7,182 -2,525 -3,008
7,207 -3,191 -3,665
7,232 -3,813 -4,272
7,257 -4,412 -4,855
7,282 -4,923 -5,366
7,307 -5,411 -5,876
7,332 -5,855 -6,289
7,357 -6,255 -6,653
7,382 -6,566 -6,945
7,407 -6,876 -7,212
7,432 -7,054 -7,358
7,457 -7,209 -7,480
7,482 -7,254 -7,504
7,507 -7,276 -7,504
7,532 -7,209 -7,358
7,557 -7,076 -7,212
7,582 -6,899 -6,969
7,607 -6,654 -6,653
7,632 -6,344 -6,289
7,657 -5,966 -5,900
7,682 -5,500 -5,414
7,707 -5,012 -4,880
7,732 -4,479 -4,296
7,757 -3,924 -3,689
7,782 -3,302 -3,008
7,807 -2,636 -2,377
7,832 -1,970 -1,672
7,857 -1,304 -0,967
7,882 -0,594 -0,214
7,907 0,117 0,491
7,932 0,849 1,220
7,957 1,537 1,949
7,982 2,226 2,653
8,007 2,869 3,285
8,032 3,558 3,941
8,057 4,135 4,500
8,082 4,712 5,108
8,107 5,245 5,569
8,132 5,755 6,080
8,157 6,155 6,468
8,182 6,532 6,784
8,207 6,821 7,076
8,232 7,087 7,270
8,257 7,243 7,416
8,282 7,354 7,513
8,307 7,398 7,489
8,332 7,376 7,440
8,357 7,287 7,319
8,382 7,110 7,149
8,407 6,865 6,857
8,432 6,577 6,541
8,457 6,199 6,128
8,482 5,800 5,691
8,507 5,311 5,181
8,532 4,801 4,646
8,557 4,224 4,038
8,582 3,646 3,407
8,607 2,980 2,726
8,632 2,337 2,046
8,657 1,604 1,341
8,682 0,938 0,636
8,707 0,205 -0,068
8,732 -0,483 -0,797
8,757 -1,193 -1,526
8,782 -1,904 -2,207
8,807 -2,592 -2,887
8,832 -3,236 -3,543
8,857 -3,857 -4,151
8,882 -4,434 -4,685
8,907 -5,012 -5,244
8,932 -5,478 -5,706
8,957 -5,944 -6,167
8,982 -6,321 -6,508
9,007 -6,654 -6,848
9,032 -6,899 -7,067
9,312 -7,121 -7,261
9,338 -5,322 -5,244
9,372 -4,301 -4,151
9,397 -3,569 -3,373
9,422 -2,903 -2,693
9,447 -2,237 -2,036
9,472 -1,548 -1,307
9,497 -0,838 -0,603
9,522 -0,105 0,126
9,547 0,605 0,831
9,574 1,360 1,560
9,599 2,092 2,265
9,624 2,758 2,945
9,649 3,402 3,601
9,674 4,002 4,209
9,699 4,579 4,792
9,724 5,134 5,302
9,749 5,667 5,788
9,774 6,066 6,225
9,799 6,444 6,566
9,824 6,777 6,857
9,849 7,043 7,149
9,874 7,221 7,270
9,899 7,376 7,392
9,924 7,420 7,416
9,949 7,443 7,392
9,974 7,332 7,270
9,999 7,198 7,100
10,024 6,954 6,882
10,049 6,688 6,614
10,074 6,333 6,225
10,099 5,933 5,788
10,124 5,467 5,326
10,149 4,956 4,840
10,174 4,379 4,281
10,199 3,802 3,674
10,224 3,158 2,994
10,249 2,470 2,362
10,274 1,782 1,657
10,299 1,093 0,977
10,327 0,294 0,150
10,352 -0,394 -0,530
10,377 -1,127 -1,259
10,402 -1,837 -1,939
10,427 -2,525 -2,620
10,452 -3,191 -3,300
10,477 -3,813 -3,883
10,502 -4,412 -4,442
10,527 -4,945 -5,025
10,552 -5,433 -5,511
10,577 -5,877 -5,973
10,602 -6,255 -6,338
10,627 -6,610 -6,678
10,652 -6,876 -6,921
10,677 -7,121 -7,115
10,702 -7,232 -7,285
10,727 -7,320 -7,382
10,752 -7,343 -7,358
10,777 -7,276 -7,285
10,802 -7,143 -7,115
10,827 -6,943 -6,969
10,852 -6,699 -6,678
10,877 -6,366 -6,386
10,902 -5,988 -5,973
10,927 -5,589 -5,536
10,952 -5,056 -5,050
10,977 -4,523 -4,515
11,002 -3,968 -3,883
11,027 -3,347 -3,276
11,052 -2,681 -2,595
11,077 -2,015 -1,988
11,102 -1,304 -1,259
11,127 -0,616 -0,554
11,152 0,117 0,150
11,177 0,827 0,807
11,202 1,515 1,560
11,227 2,203 2,216
11,252 2,892 2,921
11,277 3,535 3,552
11,302 4,157 4,160
11,327 4,712 4,719
11,352 5,267 5,278
11,377 5,733 5,715
11,402 6,177 6,153
11,427 6,532 6,517
11,452 6,843 6,833
11,477 7,087 7,052
11,502 7,287 7,246
11,527 7,376 7,343
11,552 7,398 7,392
11,577 7,376 7,343
11,602 7,287 7,270
11,627 7,110 7,076
11,652 6,910 6,882
11,677 6,577 6,566
11,702 6,222 6,250
11,727 5,800 5,812
11,752 5,334 5,375
11,777 4,779 4,840
11,802 4,224 4,281
11,827 3,646 3,650
11,852 3,003 3,042
11,877 2,337 2,362
11,902 1,648 1,681
11,927 0,938 0,977
11,952 0,205 0,296
11,977 -0,505 -0,457
12,002 -1,193 -1,137
12,027 -1,926 -1,842
12,052 -2,570 -2,498
12,077 -3,236 -3,154
12,102 -3,857 -3,786
12,127 -4,434 -4,394
12,152 -4,989 -4,928
12,194 -5,700 -5,681
12,219 -6,166 -6,119
12,244 -6,543 -6,483
12,269 -6,788 -6,775
12,294 -7,032 -7,042
12,319 -7,165 -7,212
12,344 -7,298 -7,310
12,415 -7,165 -7,237
12,441 -6,943 -7,067
12,466 -6,765 -6,848
12,491 -6,432 -6,532
12,518 -6,077 -6,167
12,544 -5,611 -5,754
12,569 -5,145 -5,268
12,595 -4,612 -4,734
12,620 -4,035 -4,175
12,646 -3,391 -3,519
12,671 -2,725 -2,887
12,696 -2,081 -2,255
12,721 -1,371 -1,526
12,746 -0,705 -0,870
12,771 0,006 -0,117
12,796 0,694 0,564
12,821 1,404 1,268
12,846 2,092 1,973
12,871 2,781 2,629
12,896 3,424 3,309
12,921 4,046 3,941
12,946 4,601 4,500
12,971 5,134 5,059
12,996 5,644 5,521
13,021 6,066 6,007
13,046 6,421 6,396
13,071 6,732 6,760
13,111 7,087 7,100
13,136 7,243 7,246
13,161 7,376 7,368
13,186 7,332 7,392
13,211 7,309 7,392
13,236 7,132 7,246
13,261 6,954 7,076
13,286 6,666 6,833
13,311 6,399 6,517
13,336 5,977 6,153
13,361 5,533 5,739
13,386 5,045 5,229
13,411 4,534 4,743
13,436 3,935 4,160
13,461 3,313 3,552
13,486 2,647 2,872
13,511 2,004 2,240
13,536 1,293 1,536
13,561 0,627 0,855
13,586 -0,083 0,126
13,611 -0,794 -0,554
13,636 -1,504 -1,283
13,661 -2,170 -1,964
13,686 -2,858 -2,644
13,711 -3,502 -3,276
13,736 -4,079 -3,932
13,761 -4,612 -4,515
13,786 -5,145 -5,074
13,811 -5,611 -5,560
13,836 -6,055 -5,997
13,861 -6,366 -6,362
13,886 -6,677 -6,726
13,911 -6,899 -6,994
13,936 -7,098 -7,164
13,961 -7,165 -7,285
13,986 -7,232 -7,358
14,011 -7,209 -7,358
14,036 -7,098 -7,285
14,061 -6,899 -7,164
14,086 -6,721 -6,969
14,111 -6,410 -6,678
14,136 -6,099 -6,362
14,161 -5,655 -5,973
14,186 -5,211 -5,560
14,211 -4,701 -5,025
14,236 -4,146 -4,491
14,261 -3,546 -3,883
14,286 -2,947 -3,251
14,311 -2,259 -2,571
14,336 -1,593 -1,939
14,361 -0,905 -1,186
14,386 -0,216 -0,530
14,411 0,516 0,199
14,436 1,182 0,879
14,476 2,137 1,900
14,501 2,914 2,678
14,526 3,535 3,334
14,551 4,135 4,014
14,578 4,690 4,597
14,603 5,223 5,181
14,628 5,711 5,667
14,653 6,088 6,080
14,678 6,466 6,468
14,703 6,754 6,809
14,728 6,999 7,052
14,753 7,132 7,222
14,778 7,243 7,368
14,803 7,221 7,440
14,828 7,198 7,465
14,853 7,087 7,368
14,878 6,910 7,222
14,903 6,666 6,979
14,928 6,377 6,736
14,953 6,000 6,371
14,978 5,578 5,958
15,003 5,089 5,472
15,028 4,579 5,010
15,053 4,024 4,427
15,078 3,447 3,820
15,103 2,781 3,164
15,128 2,159 2,508
15,153 1,449 1,803
15,178 0,783 1,147
15,203 0,072 0,418
15,228 -0,616 -0,287
15,253 -1,304 -1,016
15,278 -1,970 -1,696
15,303 -2,636 -2,425
15,328 -3,258 -3,081
15,353 -3,879 -3,713
15,378 -4,434 -4,272
15,403 -4,967 -4,880
15,428 -5,389 -5,366
15,453 -5,855 -5,852
15,478 -6,188 -6,265
15,503 -6,499 -6,678
15,528 -6,743 -6,921
15,553 -6,943 -7,188
15,578 -7,054 -7,310
15,603 -7,143 -7,407
15,628 -7,098 -7,455
15,653 -7,032 -7,431
15,678 -6,876 -7,310
15,703 -6,677 -7,115
15,728 -6,432 -6,896
15,753 -6,122 -6,581
15,778 -5,722 -6,216
15,803 -5,278 -5,779
15,828 -4,812 -5,317
15,853 -4,301 -4,782
15,878 -3,724 -4,175
15,903 -3,125 -3,592
15,928 -2,481 -2,936
15,953 -1,815 -2,255
15,978 -1,127 -1,575
16,003 -0,438 -0,846
16,028 0,228 -0,117
16,053 0,916 0,612
16,078 1,582 1,293
16,103 2,248 2,022
16,128 2,892 2,726
16,153 3,469 3,382
16,179 4,113 4,038
16,204 4,668 4,622
16,229 5,200 5,181
16,254 5,622 5,667
16,279 6,044 6,153
16,304 6,377 6,517
16,329 6,666 6,857
16,354 6,843 7,100
16,379 7,021 7,319
16,404 7,065 7,465
16,429 7,132 7,513
16,454 7,087 7,489
16,479 6,999 7,440
16,504 6,799 7,295
16,529 6,555 7,100
16,554 6,266 6,784
16,579 5,911 6,444
16,604 5,489 6,031
16,629 5,045 5,594
16,654 4,490 5,059
16,679 3,979 4,524
16,704 3,402 3,893
16,729 2,781 3,261
16,754 2,137 2,556
16,779 1,449 1,876
16,804 0,760 1,195
16,829 0,094 0,466
16,854 -0,594 -0,287
16,879 -1,260 -0,992
16,904 -1,948 -1,721
16,929 -2,592 -2,401
16,954 -3,213 -3,057
16,979 -3,768 -3,713
17,004 -4,323 -4,345
17,029 -4,834 -4,928
17,054 -5,300 -5,438
17,079 -5,722 -5,925
17,104 -6,077 -6,362
17,129 -6,366 -6,702
17,154 -6,632 -6,994
17,179 -6,810 -7,212
17,204 -6,943 -7,407
17,229 -6,965 -7,504
17,254 -6,987 -7,553
17,279 -6,876 -7,480
17,304 -6,788 -7,382
17,329 -6,566 -7,188
17,354 -6,344 -6,945
17,379 -6,011 -6,605
17,404 -5,655 -6,265
17,429 -5,211 -5,803
17,454 -4,723 -5,317
17,479 -4,190 -4,758
17,504 -3,657 -4,223
17,529 -3,080 -3,567
17,554 -2,459 -2,911
17,579 -1,770 -2,207
17,604 -1,127 -1,550
17,629 -0,438 -0,797
17,654 0,228 -0,068
17,679 0,916 0,685
17,704 1,582 1,365
17,729 2,248 2,095
17,754 2,847 2,775
17,779 3,469 3,455
17,804 4,024 4,087
17,829 4,579 4,719
17,854 5,045 5,253
17,879 5,533 5,764
17,904 5,911 6,201
17,929 6,244 6,639
17,954 6,532 6,954
17,979 6,732 7,222
18,004 6,888 7,392
18,029 6,999 7,538
18,054 6,999 7,611
18,079 6,999 7,586
18,104 6,843 7,489
18,129 6,710 7,343
18,154 6,444 7,125
18,179 6,177 6,857
18,204 5,844 6,517
18,229 5,467 6,104
18,254 4,978 5,642
18,279 4,490 5,108
18,304 3,913 4,549
18,329 3,380 3,941
18,354 2,781 3,261
18,379 2,159 2,605
18,404 1,471 1,876
18,429 0,827 1,171
18,454 0,161 0,442
18,479 -0,483 -0,311
18,504 -1,171 -1,040
18,529 -1,815 -1,769
18,554 -2,503 -2,450
18,579 -3,080 -3,130
18,604 -3,657 -3,786
18,629 -4,212 -4,394
18,654 -4,745 -4,952
18,679 -5,145 -5,487
18,704 -5,589 -5,997
18,729 -5,944 -6,386
18,754 -6,277 -6,751
18,779 -6,521 -7,018
18,804 -6,699 -7,285
18,829 -6,810 -7,431
18,854 -6,876 -7,528
18,879 -6,876 -7,553
18,904 -6,832 -7,528
18,929 -6,677 -7,382
18,954 -6,499 -7,237
18,979 -6,255 -6,945
19,004 -5,944 -6,629
19,029 -5,589 -6,265
19,054 -5,167 -5,827
19,079 -4,723 -5,317
19,104 -4,212 -4,782
19,129 -3,657 -4,175
19,154 -3,080 -3,592
19,179 -2,459 -2,887
19,204 -1,837 -2,231
19,229 -1,171 -1,502
19,254 -0,527 -0,797
19,279 0,161 -0,044
19,304 0,827 0,709
19,329 1,471 1,438
19,354 2,115 2,119
19,379 2,758 2,848
19,404 3,336 3,504
19,429 3,913 4,160
19,454 4,423 4,768
19,479 4,956 5,302
19,504 5,356 5,812
19,529 5,778 6,274
19,554 6,111 6,639
19,579 6,399 7,003
19,604 6,621 7,246
19,629 6,799 7,465
19,654 6,865 7,562
19,679 6,910 7,635
19,704 6,888 7,562
19,729 6,799 7,513
19,754 6,621 7,368
19,779 6,444 7,149
19,804 6,155 6,833
19,829 5,844 6,493
19,854 5,400 6,080
19,879 4,978 5,618
19,904 4,468 5,083
19,929 3,979 4,524
19,954 3,424 3,868
19,979 2,825 3,237
20,004 2,203 2,532
20,029 1,582 1,851
20,054 0,916 1,098
20,079 0,272 0,393
20,104 -0,394 -0,384
20,129 -1,060 -1,089
20,154 -1,726 -1,818
20,179 -2,370 -2,522
20,204 -2,969 -3,179
20,229 -3,569 -3,835
20,254 -4,124 -4,491
20,279 -4,590 -5,050
20,304 -5,056 -5,560
20,329 -5,456 -6,046
20,354 -5,877 -6,459
20,379 -6,144 -6,799
20,404 -6,410 -7,091
20,429 -6,588 -7,310
20,454 -6,721 -7,504
20,479 -6,788 -7,553
20,504 -6,854 -7,577
20,529 -6,743 -7,528
20,554 -6,632 -7,431
20,579 -6,455 -7,212
20,604 -6,233 -6,969
20,629 -5,922 -6,629
20,654 -5,611 -6,265
20,679 -5,167 -5,803
20,704 -4,723 -5,317
20,729 -4,235 -4,734
20,754 -3,724 -4,151
20,779 -3,147 -3,470
20,804 -2,570 -2,838
20,829 -1,904 -2,158
20,854 -1,282 -1,429
20,879 -0,616 -0,676
20,904 0,050 0,029
20,929 0,716 0,782
20,954 1,360 1,487
20,979 2,026 2,216
21,004 2,625 2,921
21,029 3,225 3,577
21,054 3,757 4,233
21,079 4,312 4,840
21,104 4,801 5,326
21,129 5,267 5,885
21,154 5,667 6,274
21,179 6,022 6,712
21,204 6,310 7,003
21,229 6,555 7,270
21,254 6,688 7,440
21,279 6,821 7,562
21,304 6,843 7,611
21,329 6,843 7,586
21,354 6,777 7,513
21,379 6,643 7,368
21,404 6,399 7,125
21,429 6,155 6,833
21,454 5,822 6,444
21,479 5,467 6,055
21,504 5,023 5,521
21,529 4,557 5,035
21,554 4,024 4,427
21,579 3,491 3,820
21,604 2,892 3,139
21,629 2,314 2,459
21,654 1,671 1,754
21,679 1,027 1,025
21,704 0,361 0,296
21,729 -0,305 -0,408
21,754 -0,993 -1,162
21,779 -1,593 -1,842
21,804 -2,237 -2,595
21,829 -2,858 -3,251
21,854 -3,458 -3,883
21,879 -3,968 -4,491
21,904 -4,523 -5,074
21,929 -4,967 -5,584
21,954 -5,389 -6,070
21,979 -5,744 -6,459
22,004 -6,099 -6,824
22,029 -6,344 -7,067
22,054 -6,543 -7,334
22,079 -6,699 -7,455
22,104 -6,788 -7,528
22,129 -6,788 -7,528
22,154 -6,743 -7,480
22,179 -6,632 -7,382
22,204 -6,477 -7,164
22,229 -6,233 -6,872
22,254 -5,988 -6,581
22,279 -5,611 -6,143
22,304 -5,256 -5,754
22,329 -4,812 -5,220
22,354 -4,323 -4,661
22,379 -3,768 -4,053
22,404 -3,258 -3,446
22,429 -2,614 -2,765
22,454 -2,015 -2,061
22,479 -1,371 -1,332
22,504 -0,749 -0,651
22,529 -0,083 0,126
22,554 0,583 0,831
22,579 1,249 1,584
22,604 1,870 2,289
22,629 2,514 2,969
22,654 3,091 3,625
22,679 3,691 4,281
22,704 4,201 4,865
22,729 4,734 5,375
22,754 5,156 5,861
22,779 5,600 6,347
22,804 5,955 6,687
22,829 6,266 7,003
22,854 6,488 7,222
22,879 6,710 7,416
22,904 6,799 7,538
22,929 6,888 7,562
22,954 6,865 7,513
22,979 6,799 7,440
23,004 6,643 7,270
23,029 6,466 7,052
23,054 6,199 6,736
23,079 5,911 6,371
23,104 5,533 5,934
23,129 5,112 5,496
23,154 4,645 4,938
23,179 4,157 4,354
23,204 3,580 3,723
23,229 3,025 3,067
23,254 2,403 2,362
23,279 1,782 1,681
23,304 1,116 0,928
23,329 0,472 0,248
23,354 -0,194 -0,506
23,379 -0,860 -1,210
23,404 -1,504 -1,939
23,429 -2,148 -2,620
23,454 -2,792 -3,300
23,479 -3,347 -3,932
23,504 -3,924 -4,539
23,529 -4,434 -5,074
23,554 -4,901 -5,633
23,579 -5,322 -6,070
23,604 -5,744 -6,483
23,629 -6,055 -6,824
23,654 -6,344 -7,091
23,679 -6,543 -7,261
23,704 -6,677 -7,431
23,729 -6,788 -7,504
23,754 -6,832 -7,528
23,779 -6,788 -7,431
23,804 -6,721 -7,310
23,829 -6,543 -7,091
23,854 -6,299 -6,848
23,879 -6,033 -6,483
23,904 -5,700 -6,119
23,929 -5,322 -5,633
23,954 -4,901 -5,123
23,979 -4,390 -4,539
24,004 -3,902 -3,980
24,029 -3,324 -3,324
24,054 -2,747 -2,717
24,079 -2,126 -1,988
24,104 -1,482 -1,283
24,129 -0,816 -0,554
24,154 -0,172 0,150
24,179 0,494 0,879
24,204 1,138 1,584
24,229 1,826 2,289
24,254 2,448 2,969
24,279 3,047 3,650
24,304 3,646 4,233
24,329 4,201 4,816
24,354 4,690 5,326
24,379 5,156 5,812
24,404 5,578 6,250
24,429 5,955 6,639
24,454 6,266 6,930
24,479 6,555 7,173
24,504 6,688 7,319
24,529 6,843 7,440
24,554 6,888 7,465
24,579 6,888 7,440
24,604 6,843 7,319
24,629 6,732 7,173
24,654 6,532 6,906
24,679 6,288 6,614
24,704 5,977 6,225
24,729 5,622 5,812
24,754 5,178 5,326
24,779 4,734 4,816
24,804 4,224 4,233
24,829 3,691 3,650
24,854 3,114 2,994
24,879 2,492 2,313
24,904 1,848 1,584
24,929 1,227 0,904
24,954 0,561 0,175
24,979 -0,128 -0,554
25,004 -0,816 -1,259
25,029 -1,437 -1,939
25,054 -2,081 -2,668
25,079 -2,681 -3,300
25,104 -3,324 -3,908
25,129 -3,879 -4,515
25,154 -4,412 -5,074
25,179 -4,901 -5,560
25,204 -5,345 -5,997
25,229 -5,722 -6,386
25,254 -6,077 -6,751
25,279 -6,366 -6,969
25,304 -6,566 -7,188
25,329 -6,721 -7,310
25,354 -6,854 -7,382
25,379 -6,876 -7,358
25,404 -6,854 -7,334
25,429 -6,765 -7,164
25,454 -6,610 -6,969
25,479 -6,388 -6,678
25,504 -6,144 -6,362
25,529 -5,789 -5,973
25,554 -5,433 -5,536
25,579 -4,989 -5,025
25,604 -4,523 -4,491
25,629 -3,990 -3,883
25,654 -3,458 -3,276
25,679 -2,814 -2,595
25,704 -2,214 -1,915
25,729 -1,548 -1,210
25,754 -0,905 -0,506
25,779 -0,194 0,199
25,804 0,450 0,879
25,829 1,093 1,608
25,854 1,759 2,265
25,879 2,425 2,969
25,904 3,025 3,577
25,929 3,624 4,209
25,954 4,179 4,768
25,979 4,712 5,278
26,004 5,178 5,764
26,029 5,622 6,201
26,054 5,955 6,517
26,079 6,310 6,833
26,104 6,577 7,052
26,129 6,777 7,246
26,154 6,888 7,319
26,179 6,999 7,368
26,204 6,999 7,319
26,229 6,954 7,246
26,254 6,777 7,052
26,279 6,599 6,809
26,304 6,377 6,468
26,329 6,066 6,153
26,354 5,689 5,715
26,379 5,289 5,278
26,404 4,801 4,743
26,429 4,312 4,184
26,454 3,735 3,552
26,479 3,158 2,945
26,504 2,536 2,240
26,529 1,915 1,584
26,554 1,249 0,879
26,579 0,605 0,199
26,604 -0,105 -0,530
26,629 -0,749 -1,210
26,654 -1,415 -1,915
26,679 -2,059 -2,571
26,704 -2,725 -3,203
26,729 -3,324 -3,835
26,754 -3,902 -4,418
26,779 -4,434 -4,952
26,804 -4,945 -5,463
26,829 -5,367 -5,900
26,854 -5,789 -6,265
26,879 -6,122 -6,581
26,904 -6,410 -6,896
26,929 -6,632 -7,067
26,954 -6,810 -7,188
26,979 -6,899 -7,237
27,004 -6,943 -7,261
27,029 -6,899 -7,164
27,054 -6,832 -7,042
27,079 -6,677 -6,848
27,104 -6,455 -6,605
27,129 -6,188 -6,265
27,154 -5,855 -5,900
27,179 -5,456 -5,463
27,204 -5,034 -4,977
27,229 -4,568 -4,394
27,254 -4,035 -3,859
27,279 -3,458 -3,227
27,304 -2,880 -2,620
27,329 -2,214 -1,939
27,354 -1,593 -1,259
27,379 -0,905 -0,530
27,404 -0,261 0,150
27,429 0,472 0,855
27,454 1,093 1,560
27,479 1,804 2,216
27,504 2,403 2,896
27,529 3,069 3,528
27,554 3,624 4,111
27,579 4,224 4,670
27,604 4,756 5,181
27,629 5,223 5,667
27,654 5,644 6,055
27,679 6,044 6,444
27,704 6,355 6,687
27,729 6,643 6,930
27,754 6,843 7,100
27,779 6,976 7,222
27,804 7,043 7,246
27,829 7,065 7,197
27,854 6,999 7,052
27,879 6,888 6,930
27,904 6,688 6,687
27,929 6,444 6,444
27,954 6,111 6,080
27,979 5,778 5,667
28,004 5,311 5,229
28,029 4,867 4,743
28,054 4,335 4,136
28,079 3,780 3,528
28,104 3,158 2,921
28,129 2,581 2,289
28,154 1,915 1,584
28,179 1,249 0,904
28,204 0,561 0,199
28,229 -0,105 -0,481
28,254 -0,794 -1,186
28,279 -1,460 -1,818
28,304 -2,126 -2,498
28,329 -2,747 -3,130
28,354 -3,369 -3,737
28,379 -3,946 -4,296
28,404 -4,523 -4,855
28,429 -4,989 -5,317
28,454 -5,433 -5,779
28,479 -5,855 -6,119
28,504 -6,210 -6,459
28,529 -6,477 -6,726
28,554 -6,699 -6,945
28,579 -6,832 -7,067
28,604 -6,965 -7,164
28,629 -6,987 -7,139
28,654 -6,965 -7,115
28,679 -6,876 -6,945
28,704 -6,765 -6,775
28,729 -6,499 -6,508
28,754 -6,255 -6,216
28,779 -5,877 -5,803
28,804 -5,500 -5,414
28,829 -5,056 -4,928
28,854 -4,568 -4,442
28,879 -4,057 -3,835
28,904 -3,480 -3,251
28,929 -2,858 -2,595
28,954 -2,214 -1,964
28,979 -1,526 -1,259
29,004 -0,882 -0,579
29,029 -0,216 0,102
29,054 0,472 0,758
29,079 1,182 1,463
29,104 1,826 2,119
29,129 2,492 2,799
29,154 3,114 3,358
29,179 3,735 3,990
29,204 4,246 4,549
29,229 4,801 5,059
29,254 5,289 5,496
29,279 5,755 5,934
29,304 6,111 6,274
29,329 6,444 6,566
29,354 6,710 6,784
29,379 6,910 7,003
29,404 6,999 7,100
29,429 7,110 7,149
29,454 7,087 7,100
29,479 7,043 7,052
29,504 6,888 6,882
29,529 6,710 6,663
29,554 6,444 6,371
29,579 6,133 6,055
29,604 5,733 5,642
29,629 5,334 5,205
29,654 4,823 4,695
29,679 4,312 4,160
29,704 3,735 3,552
29,729 3,180 2,945
29,754 2,536 2,289
29,779 1,893 1,633
29,804 1,227 0,977
29,829 0,561 0,321
29,854 -0,150 -0,408
29,879 -0,838 -1,040
29,904 -1,548 -1,721
29,929 -2,192 -2,377
29,954 -2,836 -3,033
29,979 -3,413 -3,616
30,004 -4,013 -4,199
30,029 -4,545 -4,709
30,054 -5,056 -5,244
30,079 -5,500 -5,657
30,104 -5,900 -6,046
30,129 -6,233 -6,338
30,154 -6,543 -6,605
30,179 -6,721 -6,799
30,204 -6,921 -6,969
30,229 -7,010 -7,042
30,254 -7,054 -7,091
30,279 -6,987 -6,994
30,304 -6,899 -6,921
30,329 -6,721 -6,726
30,354 -6,521 -6,483
30,379 -6,210 -6,143
30,404 -5,922 -5,827
30,429 -5,478 -5,414
30,454 -5,056 -4,952
30,479 -4,545 -4,394
30,504 -4,013 -3,859
30,529 -3,413 -3,251
30,554 -2,792 -2,693
30,579 -2,148 -2,012
30,604 -1,482 -1,356
30,629 -0,794 -0,676
30,654 -0,105 -0,020
30,679 0,583 0,685
30,704 1,249 1,317
30,729 1,915 1,997
30,754 2,536 2,629
30,779 3,202 3,261
30,804 3,780 3,868
30,829 4,357 4,427
30,854 4,867 4,913
30,879 5,378 5,399
30,904 5,800 5,812
30,929 6,155 6,201
30,954 6,466 6,468
30,979 6,732 6,712
31,004 6,932 6,906
31,029 7,065 7,052
31,054 7,110 7,076
31,079 7,110 7,076
31,104 7,043 6,979
31,129 6,932 6,857
31,154 6,688 6,614
31,179 6,421 6,371
31,204 6,088 6,031
31,229 5,733 5,667
31,254 5,267 5,205
31,279 4,801 4,768
31,304 4,246 4,209
31,329 3,691 3,650
31,354 3,069 3,018
31,379 2,470 2,410
31,404 1,782 1,754
31,429 1,138 1,074
31,454 0,405 0,418
31,479 -0,239 -0,263
31,504 -0,927 -0,967
31,529 -1,571 -1,623
31,554 -2,259 -2,255
31,579 -2,903 -2,887
31,604 -3,524 -3,494
31,629 -4,079 -4,053
31,654 -4,590 -4,637
31,679 -5,100 -5,098
31,726 -5,789 -5,803
31,751 -6,233 -6,216
31,776 -6,499 -6,532
31,801 -6,743 -6,751
31,826 -6,876 -6,921
31,851 -6,965 -7,042
31,876 -7,010 -7,042
31,901 -6,987 -7,018
31,926 -6,899 -6,921
31,951 -6,743 -6,775
31,976 -6,521 -6,556
32,001 -6,233 -6,240
32,026 -5,900 -5,900
32,051 -5,500 -5,511
32,076 -5,012 -5,050
32,101 -4,523 -4,539
32,126 -3,968 -4,005
32,151 -3,413 -3,446
32,176 -2,792 -2,838
32,201 -2,148 -2,207
32,226 -1,460 -1,526
32,251 -0,816 -0,894
32,276 -0,105 -0,214
32,301 0,561 0,491
32,326 1,249 1,147
32,351 1,915 1,803
32,376 2,559 2,459
32,405 3,158 3,091
32,430 3,846 3,747
32,455 4,379 4,330
32,480 4,934 4,840
32,505 5,400 5,326
32,530 5,822 5,764
32,555 6,177 6,104
32,580 6,466 6,444
32,605 6,732 6,687
32,630 6,910 6,857
32,655 7,043 6,979
32,680 7,065 7,052
32,705 7,065 7,052
32,730 6,976 6,954
32,755 6,821 6,857
32,780 6,621 6,663
32,805 6,310 6,396
32,830 6,000 6,080
32,855 5,622 5,691
32,880 5,178 5,278
32,905 4,668 4,792
32,930 4,135 4,233
32,955 3,558 3,674
32,980 2,980 3,091
33,005 2,337 2,459
33,030 1,671 1,827
33,055 1,005 1,171
33,080 0,361 0,515
33,105 -0,305 -0,165
33,130 -0,971 -0,846
33,155 -1,637 -1,526
33,180 -2,325 -2,158
33,205 -2,991 -2,814
33,230 -3,546 -3,397
33,255 -4,124 -4,005
33,280 -4,634 -4,539
33,305 -5,123 -5,074
33,330 -5,544 -5,487
33,355 -5,944 -5,900
33,380 -6,255 -6,265
33,405 -6,543 -6,556
33,430 -6,721 -6,775
33,455 -6,899 -6,945
33,480 -6,943 -6,994
33,505 -6,965 -7,067
33,530 -6,899 -7,042
33,555 -6,810 -6,945
33,580 -6,632 -6,775
33,605 -6,388 -6,581
33,630 -6,077 -6,289
33,655 -5,744 -5,949
33,680 -5,322 -5,536
33,705 -4,901 -5,098
33,730 -4,390 -4,588
33,755 -3,857 -4,053
33,780 -3,258 -3,470
33,805 -2,636 -2,887
33,830 -1,992 -2,255
33,855 -1,349 -1,575
33,880 -0,660 -0,894
33,905 0,006 -0,214
33,930 0,694 0,466
33,955 1,360 1,123
33,980 2,004 1,827
34,005 2,647 2,459
34,030 3,269 3,091
34,055 3,868 3,674
34,080 4,401 4,257
34,105 4,890 4,768
34,130 5,356 5,278
34,155 5,778 5,667
34,180 6,133 6,104
34,205 6,421 6,396
34,230 6,666 6,687
34,255 6,843 6,857
34,280 6,976 7,027
34,305 6,999 7,100
34,330 6,999 7,100
34,355 6,888 7,052
34,380 6,754 6,930
34,405 6,532 6,736
34,430 6,266 6,493
34,455 5,955 6,177
34,480 5,556 5,788
34,505 5,067 5,375
34,539 4,557 4,889
34,564 3,891 4,257
34,589 3,313 3,650
34,614 2,692 3,018
34,639 2,115 2,362
34,664 1,404 1,706
34,689 0,738 1,050
34,714 0,072 0,345
34,739 -0,616 -0,311
34,764 -1,282 -1,016
34,789 -1,926 -1,672
34,814 -2,525 -2,328
34,839 -3,125 -2,960
34,864 -3,746 -3,567
34,889 -4,279 -4,126
34,914 -4,790 -4,685
34,939 -5,256 -5,171
34,964 -5,655 -5,633
34,989 -5,988 -5,997
35,014 -6,299 -6,362
35,039 -6,543 -6,605
35,064 -6,721 -6,848
35,089 -6,810 -6,994
35,114 -6,899 -7,091
35,139 -6,854 -7,091
35,164 -6,788 -7,067
35,189 -6,654 -6,921
35,214 -6,455 -6,751
35,239 -6,188 -6,532
35,264 -5,877 -6,240
35,289 -5,478 -5,900
35,314 -5,100 -5,463
35,339 -4,612 -4,977
35,364 -4,101 -4,466
35,389 -3,524 -3,932
35,414 -2,969 -3,349
35,439 -2,348 -2,693
35,464 -1,726 -2,061
35,489 -1,038 -1,380
35,514 -0,372 -0,724
