Pendel 1 in Ruhe
Pendel 2 ausgelenkt0,025 -1,581 -0,976
0,050 -2,136 -1,389
0,075 -2,469 -1,802
0,100 -2,669 -2,166
0,125 -2,869 -2,531
0,150 -3,024 -2,822
0,175 -3,158 -3,163
0,200 -3,246 -3,406
0,225 -3,313 -3,673
0,250 -3,357 -3,843
0,275 -3,357 -4,013
0,300 -3,313 -4,135
0,325 -3,269 -4,232
0,350 -3,180 -4,256
0,375 -3,091 -4,256
0,400 -2,891 -4,232
0,425 -2,758 -4,183
0,450 -2,536 -4,062
0,475 -2,336 -3,916
0,500 -2,092 -3,722
0,525 -1,826 -3,503
0,550 -1,537 -3,236
0,575 -1,271 -2,968
0,600 -0,938 -2,652
0,625 -0,627 -2,312
0,650 -0,294 -1,972
0,675 0,039 -1,607
0,700 0,350 -1,170
0,725 0,661 -0,806
0,750 0,994 -0,393
0,775 1,282 0,021
0,800 1,593 0,434
0,825 1,860 0,822
0,850 2,148 1,260
0,875 2,370 1,624
0,900 2,614 2,037
0,925 2,770 2,378
0,950 2,970 2,718
0,975 3,125 3,034
1,000 3,236 3,350
1,025 3,303 3,568
1,050 3,369 3,811
1,075 3,391 3,981
1,100 3,391 4,152
1,125 3,325 4,249
1,150 3,258 4,346
1,175 3,147 4,346
1,200 3,014 4,370
1,225 2,859 4,297
1,250 2,703 4,224
1,275 2,481 4,079
1,300 2,259 3,933
1,325 1,993 3,714
1,350 1,726 3,471
1,375 1,416 3,204
1,400 1,149 2,912
1,425 0,794 2,572
1,450 0,505 2,232
1,475 0,172 1,867
1,500 -0,138 1,503
1,525 -0,471 1,090
1,550 -0,760 0,677
1,575 -1,115 0,239
1,600 -1,359 -0,150
1,625 -1,692 -0,563
1,650 -1,959 -0,951
1,675 -2,225 -1,340
1,700 -2,447 -1,729
1,725 -2,669 -2,142
1,750 -2,847 -2,458
1,775 -3,002 -2,822
1,800 -3,113 -3,090
1,825 -3,224 -3,381
1,850 -3,291 -3,576
1,875 -3,357 -3,794
1,900 -3,335 -3,965
1,925 -3,335 -4,110
1,950 -3,269 -4,183
1,975 -3,202 -4,256
2,000 -3,069 -4,232
2,025 -2,936 -4,232
2,050 -2,780 -4,183
2,075 -2,580 -4,110
2,100 -2,314 -3,916
2,125 -2,092 -3,770
2,150 -1,848 -3,527
2,175 -1,559 -3,308
2,200 -1,248 -3,017
2,225 -0,938 -2,725
2,250 -0,605 -2,337
2,275 -0,294 -2,021
2,300 0,017 -1,632
2,325 0,328 -1,267
2,350 0,661 -0,830
2,375 0,972 -0,441
2,400 1,260 -0,004
2,425 1,549 0,361
2,450 1,860 0,798
2,475 2,104 1,187
2,500 2,370 1,600
2,525 2,570 1,965
2,550 2,792 2,353
2,575 2,947 2,669
2,600 3,103 3,009
2,625 3,192 3,252
2,650 3,303 3,544
2,675 3,369 3,763
2,700 3,391 3,957
2,725 3,369 4,103
2,750 3,369 4,249
2,775 3,258 4,322
2,800 3,192 4,346
2,825 3,036 4,346
2,850 2,903 4,322
2,875 2,681 4,200
2,900 2,481 4,127
2,925 2,237 3,933
2,950 1,993 3,763
2,975 1,749 3,495
3,000 1,460 3,252
3,025 1,127 2,961
3,050 0,861 2,645
3,075 0,505 2,280
3,100 0,195 1,940
3,125 -0,138 1,551
3,150 -0,427 1,138
3,175 -0,782 0,725
3,200 -1,071 0,361
3,225 -1,382 -0,101
3,250 -1,670 -0,490
3,275 -1,937 -0,903
3,300 -2,159 -1,292
3,325 -2,425 -1,729
3,350 -2,625 -2,045
3,375 -2,825 -2,434
3,400 -2,980 -2,750
3,425 -3,091 -3,065
3,450 -3,180 -3,308
3,475 -3,291 -3,576
3,500 -3,313 -3,746
3,525 -3,357 -3,940
3,550 -3,313 -4,062
3,575 -3,269 -4,183
3,600 -3,180 -4,232
3,625 -3,069 -4,280
3,650 -2,913 -4,232
3,675 -2,780 -4,208
3,700 -2,558 -4,086
3,725 -2,336 -3,965
3,750 -2,070 -3,794
3,775 -1,848 -3,600
3,800 -1,559 -3,333
3,825 -1,271 -3,065
3,850 -0,960 -2,750
3,875 -0,649 -2,434
3,900 -0,338 -2,069
3,925 -0,027 -1,705
3,950 0,328 -1,316
3,975 0,616 -0,951
4,000 0,927 -0,514
4,025 1,238 -0,101
4,050 1,549 0,312
4,075 1,815 0,725
4,100 2,082 1,163
4,125 2,326 1,503
4,150 2,570 1,916
4,175 2,770 2,256
4,200 2,925 2,645
4,225 3,058 2,937
4,250 3,192 3,252
4,275 3,280 3,495
4,300 3,347 3,763
4,325 3,347 3,909
4,350 3,391 4,079
4,375 3,325 4,176
4,400 3,280 4,297
4,425 3,169 4,297
4,450 3,058 4,346
4,475 2,881 4,297
4,500 2,703 4,249
4,525 2,481 4,127
4,550 2,259 3,981
4,575 2,015 3,763
4,600 1,771 3,544
4,625 1,460 3,277
4,650 1,194 3,009
4,675 0,861 2,694
4,700 0,550 2,353
4,725 0,217 1,965
4,750 -0,094 1,624
4,775 -0,405 1,211
4,800 -0,716 0,822
4,825 -1,049 0,409
4,850 -1,337 -0,004
4,875 -1,648 -0,441
4,900 -1,892 -0,830
4,925 -2,181 -1,243
4,950 -2,403 -1,632
4,975 -2,625 -2,021
5,000 -2,802 -2,361
5,025 -2,958 -2,701
5,050 -3,069 -2,993
5,075 -3,202 -3,284
5,100 -3,291 -3,527
5,125 -3,313 -3,770
5,150 -3,313 -3,916
5,175 -3,313 -4,086
5,200 -3,269 -4,159
5,225 -3,202 -4,232
5,250 -3,069 -4,256
5,275 -2,936 -4,280
5,300 -2,736 -4,208
5,325 -2,580 -4,135
5,350 -2,336 -3,989
5,375 -2,136 -3,794
5,400 -1,870 -3,576
5,425 -1,581 -3,357
5,450 -1,271 -3,090
5,475 -1,004 -2,822
5,500 -0,693 -2,458
5,525 -0,360 -2,142
5,550 -0,027 -1,729
5,575 0,283 -1,365
5,600 0,616 -0,976
5,625 0,905 -0,587
5,650 1,238 -0,174
5,675 1,527 0,239
5,700 1,815 0,677
5,725 2,037 1,090
5,750 2,326 1,479
5,775 2,526 1,819
5,800 2,748 2,232
5,825 2,903 2,548
5,850 3,058 2,888
5,875 3,147 3,180
5,900 3,280 3,471
5,925 3,303 3,690
5,950 3,347 3,909
5,975 3,325 4,079
6,000 3,325 4,224
6,025 3,258 4,273
6,050 3,192 4,322
6,075 3,036 4,346
6,100 2,903 4,322
6,125 2,725 4,249
6,150 2,526 4,152
6,175 2,281 3,981
6,200 2,059 3,811
6,225 1,771 3,568
6,250 1,504 3,325
6,275 1,171 3,034
6,300 0,905 2,742
6,325 0,572 2,353
6,350 0,239 2,013
6,375 -0,094 1,649
6,400 -0,360 1,284
6,425 -0,716 0,847
6,450 -1,004 0,458
6,475 -1,337 0,045
6,500 -1,604 -0,368
6,525 -1,914 -0,781
6,550 -2,136 -1,194
6,575 -2,403 -1,607
6,600 -2,603 -1,923
6,625 -2,780 -2,288
6,650 -2,936 -2,628
6,675 -3,091 -2,944
6,700 -3,180 -3,236
6,725 -3,269 -3,479
6,750 -3,269 -3,697
6,775 -3,335 -3,892
6,800 -3,291 -4,013
6,825 -3,269 -4,159
6,850 -3,180 -4,208
6,875 -3,069 -4,280
6,900 -2,913 -4,232
6,925 -2,758 -4,208
6,950 -2,580 -4,110
6,975 -2,381 -4,013
7,000 -2,136 -3,819
7,025 -1,892 -3,624
7,050 -1,581 -3,381
7,075 -1,315 -3,138
7,100 -1,004 -2,822
7,125 -0,693 -2,507
7,150 -0,383 -2,166
7,175 -0,072 -1,851
7,200 0,283 -1,413
7,225 0,594 -1,049
7,250 0,927 -0,611
7,275 1,194 -0,222
7,300 1,504 0,191
7,325 1,771 0,604
7,350 2,059 1,017
7,375 2,281 1,406
7,400 2,526 1,794
7,425 2,703 2,135
7,450 2,881 2,523
7,475 3,036 2,815
7,500 3,169 3,131
7,525 3,236 3,398
7,550 3,325 3,666
7,575 3,325 3,836
7,600 3,369 4,030
7,625 3,325 4,176
7,650 3,258 4,273
7,675 3,147 4,322
7,700 3,058 4,346
7,725 2,903 4,322
7,750 2,725 4,273
7,775 2,526 4,127
7,800 2,326 4,006
7,825 2,059 3,811
7,850 1,793 3,617
7,875 1,482 3,350
7,900 1,216 3,082
7,925 0,883 2,766
7,950 0,594 2,451
7,975 0,261 2,086
8,000 -0,050 1,722
8,025 -0,383 1,308
8,050 -0,671 0,944
8,075 -1,004 0,482
8,100 -1,293 0,093
8,125 -1,604 -0,320
8,150 -1,848 -0,708
8,175 -2,136 -1,121
8,200 -2,358 -1,486
8,225 -2,603 -1,899
8,250 -2,758 -2,215
8,275 -2,913 -2,604
8,300 -3,047 -2,895
8,325 -3,158 -3,187
8,350 -3,246 -3,430
8,375 -3,291 -3,673
8,400 -3,313 -3,843
8,425 -3,313 -4,037
8,450 -3,246 -4,110
8,475 -3,180 -4,208
8,500 -3,069 -4,256
8,525 -2,936 -4,256
8,550 -2,780 -4,183
8,575 -2,603 -4,135
8,600 -2,381 -4,013
8,625 -2,159 -3,867
8,650 -1,892 -3,673
8,675 -1,626 -3,454
8,700 -1,337 -3,187
8,725 -1,026 -2,920
8,750 -0,716 -2,555
8,775 -0,449 -2,239
8,800 -0,094 -1,875
8,825 0,217 -1,486
8,850 0,572 -1,097
8,875 0,861 -0,708
8,900 1,171 -0,271
8,925 1,460 0,118
8,950 1,726 0,531
8,975 1,993 0,920
9,000 2,281 1,333
9,025 2,481 1,722
9,050 2,703 2,086
9,075 2,859 2,451
9,100 3,036 2,791
9,125 3,125 3,082
9,150 3,236 3,398
9,175 3,280 3,617
9,200 3,347 3,836
9,225 3,325 4,006
9,250 3,325 4,152
9,275 3,236 4,224
9,300 3,169 4,322
9,325 3,036 4,322
9,350 2,903 4,322
9,375 2,725 4,249
9,400 2,548 4,176
9,425 2,304 4,030
9,450 2,082 3,860
9,475 1,793 3,641
9,500 1,549 3,398
9,525 1,238 3,107
9,550 0,949 2,839
9,575 0,616 2,499
9,600 0,306 2,159
9,625 -0,027 1,770
9,650 -0,338 1,406
9,675 -0,671 0,993
9,700 -0,960 0,579
9,725 -1,271 0,191
9,750 -1,537 -0,247
9,775 -1,848 -0,636
9,800 -2,092 -1,049
9,825 -2,336 -1,437
9,850 -2,558 -1,778
9,875 -2,758 -2,166
9,900 -2,891 -2,531
9,925 -3,047 -2,871
9,950 -3,135 -3,138
9,975 -3,246 -3,406
10,000 -3,246 -3,624
10,025 -3,313 -3,843
10,050 -3,269 -3,989
10,075 -3,246 -4,135
10,100 -3,180 -4,183
10,125 -3,091 -4,256
10,150 -2,958 -4,208
10,175 -2,802 -4,208
10,200 -2,603 -4,135
10,225 -2,403 -4,037
10,250 -2,159 -3,843
10,275 -1,937 -3,673
10,300 -1,626 -3,454
10,325 -1,359 -3,211
10,350 -1,049 -2,920
10,375 -0,760 -2,628
10,400 -0,427 -2,264
10,425 -0,116 -1,923
10,450 0,217 -1,535
10,475 0,528 -1,146
10,500 0,861 -0,733
10,525 1,105 -0,344
10,550 1,438 0,069
10,575 1,704 0,482
10,600 1,971 0,895
10,625 2,215 1,284
10,650 2,459 1,673
10,675 2,659 2,013
10,700 2,859 2,378
10,725 3,014 2,718
10,750 3,147 3,034
10,775 3,236 3,301
10,800 3,325 3,568
10,825 3,303 3,787
10,850 3,347 3,981
10,875 3,303 4,103
10,900 3,280 4,224
10,925 3,169 4,273
10,950 3,058 4,322
10,975 2,903 4,297
11,000 2,748 4,273
11,025 2,526 4,176
11,050 2,348 4,054
11,075 2,059 3,884
11,100 1,815 3,690
11,125 1,527 3,423
11,150 1,238 3,155
11,175 0,949 2,839
11,200 0,639 2,548
11,225 0,283 2,183
11,250 -0,005 1,843
11,275 -0,338 1,454
11,300 -0,627 1,065
11,325 -0,960 0,652
11,350 -1,226 0,239
11,375 -1,537 -0,174
11,400 -1,803 -0,587
11,425 -2,070 -1,000
11,450 -2,292 -1,389
11,475 -2,536 -1,778
11,500 -2,714 -2,118
11,525 -2,913 -2,482
11,550 -3,024 -2,798
11,575 -3,180 -3,090
11,600 -3,224 -3,333
11,625 -3,291 -3,600
11,650 -3,269 -3,794
11,675 -3,291 -3,965
11,700 -3,224 -4,062
11,725 -3,180 -4,183
11,750 -3,047 -4,232
11,775 -2,936 -4,256
11,800 -2,780 -4,208
11,825 -2,625 -4,159
11,850 -2,403 -4,037
11,875 -2,159 -3,916
11,900 -1,914 -3,697
11,925 -1,648 -3,503
11,950 -1,359 -3,236
11,975 -1,071 -2,968
12,000 -0,782 -2,652
12,025 -0,449 -2,337
12,050 -0,138 -1,972
12,075 0,172 -1,583
12,100 0,505 -1,194
12,125 0,816 -0,806
12,150 1,149 -0,393
12,175 1,416 -0,004
12,200 1,704 0,409
12,225 1,971 0,798
12,250 2,237 1,211
12,275 2,437 1,576
12,300 2,659 1,989
12,325 2,836 2,353
12,350 2,992 2,718
12,375 3,125 2,985
12,400 3,236 3,277
12,425 3,280 3,520
12,450 3,325 3,763
12,475 3,325 3,957
12,500 3,303 4,103
12,525 3,236 4,200
12,550 3,169 4,273
12,575 3,036 4,297
12,600 2,903 4,322
12,625 2,725 4,249
12,650 2,548 4,176
12,675 2,326 4,054
12,700 2,104 3,909
12,725 1,815 3,714
12,750 1,571 3,471
12,775 1,238 3,180
12,800 0,972 2,912
12,825 0,661 2,572
12,850 0,350 2,256
12,875 0,039 1,867
12,900 -0,294 1,503
12,925 -0,605 1,090
12,950 -0,893 0,725
12,975 -1,204 0,288
13,000 -1,493 -0,101
13,025 -1,803 -0,514
13,050 -2,025 -0,927
13,075 -2,292 -1,340
13,100 -2,492 -1,729
13,125 -2,691 -2,094
13,150 -2,869 -2,434
13,175 -3,024 -2,750
13,200 -3,113 -3,041
13,225 -3,224 -3,333
13,250 -3,269 -3,551
13,275 -3,269 -3,770
13,300 -3,246 -3,916
13,325 -3,246 -4,086
13,350 -3,180 -4,159
13,375 -3,069 -4,232
13,400 -2,936 -4,232
13,425 -2,802 -4,232
13,450 -2,603 -4,159
13,475 -2,425 -4,062
13,500 -2,159 -3,916
13,525 -1,914 -3,746
13,550 -1,648 -3,527
13,575 -1,382 -3,284
13,600 -1,093 -3,017
13,625 -0,804 -2,725
13,650 -0,471 -2,385
13,675 -0,161 -2,045
13,700 0,172 -1,656
13,725 0,483 -1,292
13,750 0,794 -0,854
13,775 1,083 -0,490
13,800 1,393 -0,052
13,825 1,660 0,336
13,850 1,948 0,750
13,875 2,170 1,163
13,900 2,415 1,551
13,925 2,592 1,940
13,950 2,814 2,280
13,975 2,970 2,596
14,000 3,103 2,937
14,025 3,169 3,204
14,050 3,258 3,520
14,075 3,303 3,738
14,100 3,325 3,933
14,125 3,280 4,054
14,150 3,236 4,200
14,175 3,147 4,273
14,200 3,058 4,297
14,225 2,903 4,297
14,250 2,748 4,249
14,275 2,548 4,152
14,300 2,348 4,079
14,325 2,104 3,909
14,350 1,837 3,714
14,375 1,571 3,471
14,400 1,305 3,228
14,425 0,972 2,937
14,450 0,661 2,621
14,475 0,372 2,280
14,500 0,061 1,940
14,525 -0,294 1,551
14,550 -0,582 1,163
14,575 -0,893 0,750
14,600 -1,160 0,361
14,625 -1,470 -0,052
14,650 -1,737 -0,441
14,675 -2,003 -0,879
14,700 -2,247 -1,243
14,725 -2,492 -1,656
14,750 -2,647 -1,996
14,775 -2,847 -2,361
14,800 -2,980 -2,677
14,825 -3,113 -3,017
14,850 -3,180 -3,260
14,875 -3,246 -3,527
14,900 -3,246 -3,722
14,925 -3,269 -3,940
14,950 -3,224 -4,037
14,975 -3,180 -4,135
15,000 -3,069 -4,183
15,025 -2,958 -4,232
15,050 -2,802 -4,208
15,075 -2,625 -4,159
15,100 -2,425 -4,062
15,125 -2,225 -3,940
15,150 -1,937 -3,770
15,175 -1,670 -3,576
15,200 -1,382 -3,308
15,225 -1,137 -3,090
15,250 -0,827 -2,774
15,275 -0,516 -2,458
15,300 -0,183 -2,094
15,325 0,106 -1,753
15,350 0,439 -1,340
15,375 0,750 -0,976
15,400 1,060 -0,563
15,425 1,349 -0,150
15,450 1,638 0,264
15,475 1,904 0,677
15,500 2,170 1,065
15,525 2,392 1,454
15,550 2,614 1,867
15,575 2,792 2,208
15,600 2,947 2,548
15,625 3,058 2,864
15,650 3,192 3,155
15,675 3,258 3,423
15,700 3,325 3,666
15,725 3,303 3,884
15,750 3,280 4,030
15,775 3,258 4,152
15,800 3,169 4,249
15,825 3,058 4,273
15,850 2,925 4,297
15,875 2,748 4,273
15,900 2,570 4,224
15,925 2,348 4,103
15,950 2,148 3,957
15,975 1,860 3,787
16,000 1,593 3,568
16,025 1,305 3,277
16,050 1,016 3,009
16,075 0,705 2,669
16,100 0,417 2,378
16,125 0,106 2,013
16,150 -0,205 1,624
16,175 -0,560 1,236
16,200 -0,849 0,847
16,225 -1,160 0,409
16,250 -1,448 0,021
16,275 -1,737 -0,417
16,300 -1,959 -0,806
16,325 -2,247 -1,219
16,350 -2,447 -1,583
16,375 -2,647 -1,972
16,400 -2,802 -2,312
16,425 -2,980 -2,652
16,450 -3,069 -2,944
16,475 -3,202 -3,236
16,500 -3,224 -3,479
16,525 -3,269 -3,697
16,550 -3,269 -3,867
16,575 -3,224 -4,013
16,600 -3,158 -4,135
16,625 -3,091 -4,208
16,650 -2,958 -4,208
16,675 -2,825 -4,256
16,700 -2,625 -4,183
16,725 -2,447 -4,110
16,750 -2,225 -3,940
16,775 -2,003 -3,794
16,800 -1,692 -3,600
16,825 -1,426 -3,406
16,850 -1,115 -3,090
16,875 -0,827 -2,798
16,900 -0,516 -2,482
16,925 -0,227 -2,166
16,950 0,106 -1,778
16,975 0,417 -1,413
17,000 0,750 -1,024
17,025 1,016 -0,636
17,050 1,349 -0,222
17,075 1,615 0,191
17,100 1,882 0,628
17,125 2,126 1,017
17,150 2,370 1,406
17,175 2,570 1,770
17,200 2,770 2,159
17,225 2,925 2,475
17,250 3,058 2,815
17,275 3,147 3,131
17,300 3,236 3,447
17,325 3,258 3,641
17,350 3,303 3,860
17,375 3,280 4,006
17,400 3,258 4,152
17,425 3,147 4,224
17,450 3,058 4,297
17,475 2,925 4,297
17,500 2,748 4,273
17,525 2,548 4,176
17,550 2,370 4,127
17,575 2,126 3,981
17,600 1,882 3,811
17,625 1,593 3,593
17,650 1,327 3,325
17,675 1,038 3,058
17,700 0,750 2,718
17,725 0,394 2,402
17,750 0,084 2,062
17,775 -0,205 1,673
17,800 -0,516 1,284
17,825 -0,849 0,895
17,850 -1,115 0,507
17,875 -1,404 0,069
17,900 -1,715 -0,320
17,925 -1,959 -0,757
17,950 -2,203 -1,121
17,975 -2,447 -1,510
18,000 -2,647 -1,899
18,025 -2,825 -2,264
18,050 -2,958 -2,579
18,075 -3,069 -2,920
18,100 -3,158 -3,187
18,125 -3,246 -3,430
18,150 -3,269 -3,673
18,175 -3,246 -3,843
18,200 -3,224 -4,013
18,225 -3,180 -4,110
18,250 -3,069 -4,183
18,275 -2,958 -4,232
18,300 -2,825 -4,208
18,325 -2,647 -4,183
18,350 -2,447 -4,086
18,375 -2,247 -3,989
18,400 -1,981 -3,843
18,425 -1,737 -3,624
18,450 -1,426 -3,406
18,475 -1,160 -3,163
18,500 -0,871 -2,871
18,525 -0,560 -2,555
18,550 -0,249 -2,191
18,575 0,061 -1,851
18,600 0,394 -1,462
18,625 0,727 -1,097
18,650 1,016 -0,684
18,675 1,305 -0,295
18,700 1,593 0,142
18,725 1,837 0,555
18,750 2,126 0,968
18,775 2,326 1,333
18,800 2,548 1,722
18,825 2,725 2,110
18,850 2,881 2,451
18,875 3,014 2,766
18,900 3,147 3,058
18,925 3,169 3,350
18,950 3,258 3,617
18,975 3,280 3,836
19,000 3,258 3,981
19,025 3,214 4,103
19,050 3,147 4,224
19,075 3,036 4,273
19,100 2,925 4,297
19,125 2,770 4,273
19,150 2,592 4,200
19,175 2,370 4,127
19,200 2,126 4,006
19,225 1,904 3,811
19,250 1,638 3,617
19,275 1,349 3,350
19,300 1,060 3,082
19,325 0,750 2,766
19,350 0,439 2,451
19,375 0,106 2,110
19,400 -0,205 1,746
19,425 -0,516 1,357
19,450 -0,804 0,968
19,475 -1,115 0,555
19,500 -1,382 0,142
19,525 -1,692 -0,271
19,550 -1,959 -0,660
19,575 -2,203 -1,049
19,600 -2,403 -1,462
19,625 -2,625 -1,851
19,650 -2,802 -2,215
19,675 -2,958 -2,555
19,700 -3,047 -2,847
19,725 -3,158 -3,138
19,750 -3,202 -3,381
19,775 -3,246 -3,600
19,800 -3,269 -3,794
19,825 -3,224 -3,965
19,850 -3,158 -4,062
19,875 -3,069 -4,159
19,900 -2,936 -4,208
19,925 -2,802 -4,208
19,950 -2,669 -4,183
19,975 -2,469 -4,110
20,000 -2,247 -3,989
20,025 -2,003 -3,843
20,050 -1,737 -3,649
20,075 -1,448 -3,430
20,100 -1,182 -3,187
20,125 -0,893 -2,895
20,150 -0,560 -2,579
20,175 -0,272 -2,239
20,200 0,039 -1,899
20,225 0,372 -1,510
20,250 0,661 -1,146
20,275 0,972 -0,733
20,300 1,282 -0,320
20,325 1,549 0,069
20,350 1,815 0,482
20,375 2,082 0,895
20,400 2,304 1,284
20,425 2,526 1,673
20,450 2,725 2,037
20,475 2,881 2,402
20,500 3,014 2,742
20,525 3,103 3,058
20,550 3,214 3,350
20,575 3,258 3,568
20,600 3,280 3,811
20,625 3,258 3,957
20,650 3,214 4,103
20,675 3,147 4,200
20,700 3,036 4,273
20,725 2,903 4,297
20,750 2,770 4,273
20,775 2,592 4,224
20,800 2,370 4,152
20,825 2,126 4,030
20,850 1,904 3,836
20,875 1,615 3,641
20,900 1,349 3,374
20,925 1,060 3,131
20,950 0,750 2,839
20,975 0,461 2,523
21,000 0,128 2,159
21,025 -0,161 1,794
21,050 -0,471 1,406
21,075 -0,760 1,017
21,100 -1,071 0,604
21,125 -1,382 0,215
21,150 -1,670 -0,198
21,175 -1,914 -0,611
21,200 -2,159 -1,024
21,225 -2,381 -1,413
21,250 -2,603 -1,778
21,275 -2,780 -2,166
21,300 -2,913 -2,507
21,325 -3,024 -2,822
21,350 -3,135 -3,090
21,375 -3,202 -3,357
21,400 -3,246 -3,576
21,425 -3,246 -3,794
21,450 -3,224 -3,965
21,475 -3,180 -4,086
21,500 -3,091 -4,159
21,525 -2,958 -4,208
21,550 -2,802 -4,208
21,575 -2,647 -4,183
21,600 -2,469 -4,135
21,625 -2,270 -4,013
21,650 -2,025 -3,867
21,675 -1,781 -3,673
21,700 -1,493 -3,479
21,725 -1,226 -3,236
21,750 -0,893 -2,944
21,775 -0,582 -2,628
21,800 -0,272 -2,288
21,825 0,017 -1,948
21,850 0,328 -1,583
21,875 0,639 -1,194
21,900 0,927 -0,806
21,925 1,260 -0,417
21,950 1,527 -0,004
21,975 1,793 0,409
22,000 2,037 0,798
22,025 2,281 1,236
22,050 2,481 1,600
22,075 2,703 1,965
22,100 2,859 2,353
22,125 3,014 2,694
22,150 3,103 2,961
22,175 3,192 3,277
22,200 3,258 3,520
22,225 3,258 3,763
22,250 3,236 3,933
22,275 3,214 4,079
22,300 3,147 4,176
22,325 3,058 4,249
22,350 2,925 4,273
22,375 2,770 4,273
22,400 2,592 4,249
22,425 2,392 4,152
22,450 2,170 4,030
22,475 1,926 3,860
22,500 1,638 3,666
22,525 1,371 3,423
22,550 1,083 3,155
22,575 0,794 2,888
22,600 0,483 2,548
22,625 0,172 2,208
22,650 -0,161 1,819
22,675 -0,449 1,479
22,700 -0,760 1,090
22,725 -1,071 0,677
22,750 -1,359 0,264
22,775 -1,626 -0,125
22,800 -1,914 -0,538
22,825 -2,114 -0,951
22,850 -2,381 -1,340
22,875 -2,580 -1,680
22,900 -2,758 -2,069
22,925 -2,913 -2,409
22,950 -3,047 -2,750
22,975 -3,091 -3,041
23,000 -3,180 -3,308
23,025 -3,246 -3,527
23,050 -3,246 -3,746
23,075 -3,224 -3,916
23,100 -3,180 -4,037
23,125 -3,047 -4,135
23,150 -2,980 -4,208
23,175 -2,825 -4,208
23,200 -2,669 -4,183
23,225 -2,469 -4,135
23,250 -2,247 -4,037
23,275 -2,003 -3,916
23,300 -1,781 -3,746
23,325 -1,493 -3,503
23,350 -1,204 -3,260
23,375 -0,915 -2,968
23,400 -0,605 -2,677
23,425 -0,294 -2,361
23,450 -0,005 -2,021
23,475 0,306 -1,656
23,500 0,639 -1,267
23,525 0,949 -0,854
23,550 1,216 -0,441
23,575 1,527 -0,052
23,600 1,771 0,336
23,625 2,037 0,774
23,650 2,259 1,163
23,675 2,481 1,551
23,700 2,681 1,892
23,725 2,836 2,305
23,750 2,992 2,621
23,775 3,081 2,937
23,800 3,169 3,204
23,825 3,236 3,495
23,850 3,236 3,714
23,875 3,280 3,909
23,900 3,214 4,054
23,925 3,169 4,176
23,950 3,058 4,249
23,975 2,925 4,297
24,000 2,792 4,273
24,025 2,614 4,249
24,050 2,392 4,176
24,075 2,170 4,054
24,100 1,926 3,909
24,125 1,682 3,714
24,150 1,371 3,471
24,175 1,105 3,228
24,200 0,816 2,912
24,225 0,528 2,621
24,250 0,195 2,256
24,275 -0,116 1,916
24,300 -0,427 1,527
24,325 -0,738 1,138
24,350 -1,049 0,725
24,375 -1,315 0,336
24,400 -1,581 -0,077
24,425 -1,848 -0,465
24,450 -2,114 -0,879
24,475 -2,336 -1,267
24,500 -2,558 -1,632
24,525 -2,714 -2,021
24,550 -2,913 -2,385
24,575 -3,024 -2,701
24,600 -3,113 -3,017
24,625 -3,180 -3,260
24,650 -3,246 -3,503
24,675 -3,224 -3,697
24,700 -3,202 -3,892
24,725 -3,135 -4,037
24,750 -3,069 -4,135
24,775 -2,958 -4,183
24,800 -2,825 -4,208
24,825 -2,691 -4,159
24,850 -2,492 -4,159
24,875 -2,270 -4,013
24,900 -2,048 -3,916
24,925 -1,759 -3,722
24,950 -1,515 -3,527
24,975 -1,204 -3,284
25,000 -0,960 -3,041
25,025 -0,627 -2,725
25,050 -0,338 -2,409
25,075 -0,005 -2,069
25,100 0,306 -1,705
25,125 0,616 -1,316
25,150 0,905 -0,951
25,175 1,194 -0,514
25,200 1,460 -0,101
25,225 1,749 0,336
25,250 1,993 0,701
25,275 2,281 1,114
25,300 2,481 1,479
25,325 2,659 1,867
25,350 2,814 2,232
25,375 2,947 2,548
25,400 3,058 2,888
25,425 3,147 3,155
25,450 3,192 3,447
25,475 3,236 3,666
25,500 3,236 3,860
25,525 3,236 4,030
25,550 3,147 4,127
25,575 3,058 4,224
25,600 2,925 4,273
25,625 2,770 4,297
25,650 2,592 4,249
25,675 2,415 4,200
25,700 2,170 4,079
25,725 1,948 3,909
25,750 1,682 3,714
25,775 1,438 3,520
25,800 1,127 3,228
25,825 0,838 2,961
25,850 0,505 2,645
25,875 0,195 2,329
25,900 -0,116 1,916
25,925 -0,383 1,576
25,950 -0,716 1,187
25,975 -1,004 0,798
26,000 -1,315 0,385
26,025 -1,604 0,021
26,050 -1,870 -0,417
26,075 -2,092 -0,806
26,100 -2,336 -1,219
26,125 -2,514 -1,583
26,150 -2,714 -1,972
26,175 -2,847 -2,288
26,200 -2,980 -2,652
26,225 -3,091 -2,944
26,250 -3,158 -3,236
26,275 -3,180 -3,454
26,300 -3,224 -3,697
26,325 -3,158 -3,867
26,350 -3,180 -3,989
26,375 -3,069 -4,110
26,400 -3,002 -4,183
26,425 -2,847 -4,208
26,450 -2,691 -4,208
26,475 -2,469 -4,110
26,500 -2,270 -4,037
26,525 -2,048 -3,940
26,550 -1,826 -3,770
26,575 -1,537 -3,551
26,600 -1,271 -3,333
26,625 -0,982 -3,065
26,650 -0,671 -2,798
26,675 -0,360 -2,458
26,700 -0,050 -2,118
26,725 0,261 -1,753
26,750 0,550 -1,389
26,775 0,883 -1,000
26,800 1,149 -0,587
26,825 1,460 -0,174
26,850 1,704 0,215
26,875 1,993 0,652
26,900 2,215 1,017
26,925 2,459 1,430
26,950 2,659 1,794
26,975 2,836 2,183
27,000 2,947 2,523
27,025 3,081 2,839
27,050 3,147 3,131
27,075 3,214 3,423
27,100 3,236 3,617
27,125 3,258 3,836
27,150 3,192 4,006
27,175 3,147 4,152
27,200 3,058 4,224
27,225 2,947 4,297
27,250 2,792 4,273
27,275 2,614 4,249
27,300 2,415 4,176
27,325 2,193 4,103
27,350 1,926 3,933
27,375 1,726 3,763
27,400 1,416 3,568
27,425 1,171 3,301
27,450 0,861 3,009
27,475 0,572 2,718
27,500 0,217 2,378
27,525 -0,072 2,037
27,550 -0,383 1,649
27,575 -0,671 1,284
27,600 -0,982 0,847
27,625 -1,248 0,458
27,650 -1,559 0,045
27,675 -1,803 -0,344
27,700 -2,070 -0,757
27,725 -2,292 -1,121
27,750 -2,514 -1,559
27,775 -2,647 -1,923
27,800 -2,825 -2,288
27,825 -2,958 -2,579
27,850 -3,091 -2,895
27,875 -3,158 -3,163
27,900 -3,202 -3,430
27,925 -3,202 -3,624
27,950 -3,180 -3,819
27,975 -3,135 -3,965
28,000 -3,069 -4,110
28,025 -2,936 -4,159
28,050 -2,847 -4,208
28,075 -2,691 -4,208
28,100 -2,514 -4,159
28,125 -2,270 -4,037
28,150 -2,070 -3,916
28,175 -1,803 -3,770
28,200 -1,537 -3,576
28,225 -1,248 -3,333
28,250 -0,960 -3,114
28,275 -0,649 -2,798
28,300 -0,360 -2,507
28,325 -0,050 -2,166
28,350 0,239 -1,802
28,375 0,550 -1,413
28,400 0,861 -1,049
28,425 1,171 -0,636
28,450 1,416 -0,247
28,475 1,704 0,191
28,500 1,971 0,579
28,525 2,215 0,993
28,550 2,415 1,357
28,575 2,637 1,746
28,600 2,792 2,086
28,625 2,947 2,475
28,650 3,058 2,766
28,675 3,169 3,082
28,700 3,192 3,325
28,725 3,258 3,617
28,750 3,214 3,811
28,775 3,214 4,006
28,800 3,125 4,103
28,825 3,058 4,176
28,850 2,947 4,224
28,875 2,814 4,273
28,900 2,637 4,249
28,925 2,459 4,200
28,950 2,215 4,103
28,975 1,993 3,957
29,000 1,726 3,763
29,025 1,482 3,568
29,050 1,171 3,301
29,075 0,905 3,034
29,100 0,572 2,742
29,125 0,283 2,426
29,150 -0,050 2,062
29,175 -0,338 1,697
29,200 -0,649 1,308
29,225 -0,960 0,944
29,250 -1,226 0,531
29,275 -1,493 0,142
29,300 -1,803 -0,295
29,325 -2,048 -0,684
29,350 -2,270 -1,097
29,375 -2,447 -1,462
29,400 -2,691 -1,851
29,425 -2,825 -2,191
29,450 -2,958 -2,531
29,475 -3,047 -2,847
29,500 -3,135 -3,163
29,525 -3,180 -3,381
29,550 -3,202 -3,649
29,575 -3,158 -3,794
29,600 -3,158 -3,965
29,625 -3,069 -4,037
29,650 -2,980 -4,135
29,675 -2,847 -4,159
29,700 -2,691 -4,183
29,725 -2,514 -4,135
29,750 -2,314 -4,062
29,775 -2,070 -3,916
29,800 -1,826 -3,819
29,825 -1,537 -3,624
29,850 -1,271 -3,406
29,875 -0,982 -3,114
29,900 -0,693 -2,847
29,925 -0,383 -2,555
29,950 -0,094 -2,215
29,975 0,239 -1,851
30,000 0,528 -1,486
30,025 0,861 -1,073
30,050 1,127 -0,684
30,075 1,416 -0,271
30,100 1,682 0,093
30,125 1,948 0,531
30,150 2,193 0,920
30,175 2,415 1,308
30,200 2,592 1,697
30,225 2,770 2,086
30,250 2,925 2,402
30,275 3,058 2,742
30,300 3,125 3,009
30,325 3,192 3,350
30,350 3,214 3,568
30,375 3,236 3,811
30,400 3,192 3,957
30,425 3,147 4,103
30,450 3,036 4,176
30,475 2,970 4,273
30,500 2,792 4,273
30,525 2,659 4,273
30,550 2,459 4,200
30,575 2,237 4,103
30,600 1,971 3,957
30,625 1,749 3,811
30,650 1,438 3,593
30,675 1,216 3,374
30,700 0,905 3,082
30,725 0,594 2,766
30,750 0,283 2,451
30,775 -0,005 2,135
30,800 -0,338 1,770
30,825 -0,649 1,381
30,850 -0,938 0,968
30,875 -1,226 0,604
30,900 -1,515 0,166
30,925 -1,759 -0,222
30,950 -2,025 -0,611
30,975 -2,247 -1,000
31,000 -2,469 -1,413
31,025 -2,647 -1,778
31,050 -2,825 -2,142
31,075 -2,913 -2,482
31,100 -3,047 -2,798
31,125 -3,113 -3,090
31,150 -3,180 -3,381
31,175 -3,158 -3,576
31,200 -3,180 -3,770
31,225 -3,135 -3,916
31,250 -3,069 -4,086
31,275 -2,958 -4,135
31,300 -2,847 -4,208
31,325 -2,669 -4,208
31,350 -2,514 -4,159
31,375 -2,314 -4,062
