Pendel 1 in Ruhe
Pendel 2 ausgelenkt0,025 6,244 -6,167
0,050 6,688 -6,605
0,075 6,532 -6,435
0,100 6,133 -6,070
0,125 5,644 -5,609
0,150 5,067 -5,074
0,175 4,446 -4,442
0,200 3,735 -3,786
0,225 3,025 -3,081
0,250 2,270 -2,377
0,275 1,471 -1,575
0,300 0,694 -0,821
0,325 -0,105 -0,020
0,350 -0,927 0,758
0,382 -1,881 1,681
0,407 -2,703 2,483
0,432 -3,435 3,212
0,457 -4,146 3,917
0,482 -4,812 4,573
0,507 -5,389 5,156
0,532 -5,922 5,715
0,557 -6,410 6,225
0,582 -6,810 6,663
0,607 -7,143 6,979
0,632 -7,387 7,246
0,657 -7,565 7,416
0,682 -7,676 7,562
0,707 -7,698 7,586
0,732 -7,631 7,562
0,757 -7,498 7,392
0,782 -7,276 7,222
0,807 -6,987 6,930
0,832 -6,610 6,590
0,857 -6,188 6,128
0,882 -5,655 5,642
0,907 -5,078 5,083
0,932 -4,457 4,500
0,957 -3,813 3,820
0,982 -3,102 3,115
1,007 -2,348 2,386
1,032 -1,571 1,633
1,057 -0,794 0,855
1,082 0,028 0,078
1,107 0,849 -0,724
1,132 1,648 -1,478
1,157 2,403 -2,255
1,182 3,158 -2,984
1,207 3,891 -3,689
1,232 4,557 -4,296
1,257 5,156 -4,952
1,282 5,733 -5,511
1,307 6,244 -5,997
1,332 6,688 -6,386
1,357 7,065 -6,751
1,382 7,332 -7,042
1,407 7,531 -7,261
1,432 7,642 -7,358
1,457 7,665 -7,382
1,482 7,620 -7,310
1,507 7,443 -7,188
1,532 7,198 -6,945
1,557 6,888 -6,678
1,582 6,488 -6,289
1,607 6,022 -5,852
1,632 5,511 -5,317
1,657 4,912 -4,734
1,682 4,268 -4,102
1,707 3,558 -3,470
1,732 2,825 -2,741
1,757 2,048 -2,012
1,782 1,293 -1,210
1,807 0,472 -0,457
1,832 -0,305 0,345
1,857 -1,127 1,098
1,882 -1,926 1,900
1,907 -2,681 2,629
1,932 -3,391 3,358
1,957 -4,101 4,038
1,982 -4,767 4,670
2,007 -5,345 5,253
2,032 -5,877 5,812
2,057 -6,366 6,250
2,082 -6,765 6,663
2,107 -7,098 6,979
2,132 -7,365 7,295
2,157 -7,587 7,440
2,182 -7,653 7,538
2,207 -7,698 7,538
2,232 -7,609 7,513
2,264 -7,498 7,343
2,304 -7,032 6,930
2,329 -6,654 6,493
2,354 -6,210 6,104
2,379 -5,722 5,569
2,404 -5,167 5,059
2,429 -4,568 4,427
2,454 -3,902 3,771
2,479 -3,191 3,067
2,504 -2,436 2,362
2,529 -1,682 1,584
2,554 -0,882 0,831
2,579 -0,083 0,005
2,604 0,716 -0,749
2,629 1,493 -1,526
2,654 2,292 -2,255
2,679 3,003 -3,033
2,704 3,757 -3,689
2,729 4,401 -4,394
2,754 5,067 -4,952
2,779 5,622 -5,536
2,804 6,133 -5,973
2,829 6,577 -6,459
2,854 6,954 -6,799
2,879 7,243 -7,042
2,904 7,487 -7,212
2,929 7,576 -7,358
2,954 7,642 -7,334
2,979 7,576 -7,310
3,004 7,443 -7,164
3,029 7,221 -6,969
3,054 6,954 -6,629
3,079 6,532 -6,265
3,104 6,088 -5,803
3,129 5,533 -5,293
3,154 4,978 -4,709
3,179 4,335 -4,078
3,204 3,646 -3,422
3,229 2,936 -2,693
3,254 2,226 -1,939
3,279 1,404 -1,210
3,304 0,627 -0,408
3,329 -0,194 0,369
3,354 -0,949 1,171
3,379 -1,793 1,949
3,404 -2,503 2,678
3,429 -3,258 3,382
3,454 -3,946 4,063
3,479 -4,612 4,695
3,504 -5,211 5,326
3,529 -5,766 5,837
3,554 -6,233 6,323
3,579 -6,677 6,712
3,604 -6,987 7,027
3,629 -7,276 7,270
3,654 -7,476 7,465
3,679 -7,609 7,513
3,704 -7,609 7,586
3,729 -7,609 7,513
3,754 -7,454 7,368
3,779 -7,254 7,125
3,804 -6,965 6,857
3,829 -6,654 6,468
3,854 -6,210 6,080
3,879 -5,722 5,521
3,904 -5,145 4,986
3,929 -4,545 4,354
3,954 -3,857 3,674
3,979 -3,213 2,945
4,004 -2,481 2,265
4,029 -1,726 1,463
4,054 -0,905 0,685
4,079 -0,128 -0,092
4,104 0,694 -0,846
4,129 1,449 -1,648
4,154 2,248 -2,401
4,179 2,958 -3,106
4,204 3,691 -3,810
4,229 4,357 -4,466
4,254 5,001 -5,050
4,279 5,556 -5,633
4,304 6,088 -6,095
4,329 6,510 -6,532
4,354 6,888 -6,848
4,379 7,154 -7,115
4,404 7,398 -7,285
4,429 7,487 -7,358
4,454 7,554 -7,382
4,479 7,509 -7,310
4,504 7,354 -7,164
4,529 7,132 -6,945
4,554 6,865 -6,629
4,579 6,466 -6,240
4,604 6,022 -5,779
4,629 5,511 -5,268
4,654 4,956 -4,661
4,679 4,312 -4,005
4,704 3,646 -3,324
4,729 2,914 -2,620
4,754 2,203 -1,842
4,779 1,426 -1,089
4,804 0,649 -0,311
4,829 -0,150 0,466
4,854 -0,927 1,293
4,879 -1,726 2,022
4,904 -2,459 2,799
4,929 -3,236 3,504
4,954 -3,902 4,209
4,979 -4,545 4,816
5,004 -5,123 5,399
5,029 -5,700 5,934
5,054 -6,166 6,420
5,079 -6,588 6,784
5,104 -6,921 7,125
5,129 -7,209 7,368
5,154 -7,365 7,538
5,179 -7,498 7,586
5,204 -7,520 7,611
5,229 -7,520 7,538
5,254 -7,343 7,416
5,279 -7,165 7,149
5,304 -6,876 6,857
5,329 -6,543 6,468
5,354 -6,144 6,031
5,379 -5,633 5,496
5,404 -5,078 4,913
5,429 -4,479 4,306
5,454 -3,813 3,625
5,479 -3,147 2,872
5,504 -2,414 2,143
5,529 -1,659 1,365
5,554 -0,882 0,588
5,579 -0,128 -0,190
5,604 0,672 -0,967
5,629 1,426 -1,769
5,654 2,226 -2,522
5,679 2,936 -3,251
5,704 3,669 -3,956
5,729 4,290 -4,612
5,754 4,934 -5,196
5,779 5,467 -5,754
5,804 5,977 -6,216
5,829 6,421 -6,629
5,854 6,799 -6,945
5,879 7,043 -7,212
5,904 7,287 -7,382
5,929 7,398 -7,480
5,954 7,443 -7,480
5,979 7,376 -7,431
6,004 7,265 -7,237
6,029 7,043 -6,994
6,054 6,754 -6,653
6,079 6,399 -6,265
6,104 5,977 -5,779
6,129 5,422 -5,268
6,154 4,867 -4,637
6,179 4,246 -4,005
6,204 3,580 -3,300
6,229 2,847 -2,595
6,254 2,159 -1,818
6,279 1,382 -1,065
6,304 0,605 -0,238
6,329 -0,172 0,515
6,354 -0,927 1,317
6,379 -1,726 2,046
6,404 -2,459 2,872
6,429 -3,191 3,552
6,454 -3,835 4,281
6,479 -4,501 4,889
6,504 -5,078 5,496
6,529 -5,633 6,031
6,554 -6,077 6,493
6,579 -6,477 6,857
6,604 -6,832 7,173
6,629 -7,098 7,392
6,654 -7,276 7,586
6,679 -7,409 7,683
6,704 -7,409 7,683
6,729 -7,387 7,586
6,754 -7,232 7,440
6,779 -7,054 7,197
6,804 -6,743 6,882
6,829 -6,410 6,468
6,854 -6,011 6,055
6,879 -5,567 5,496
6,904 -5,012 4,938
6,929 -4,434 4,281
6,954 -3,768 3,601
6,979 -3,102 2,823
7,004 -2,348 2,119
7,029 -1,615 1,317
7,054 -0,838 0,564
7,079 -0,061 -0,263
7,104 0,738 -1,040
7,129 1,449 -1,866
7,154 2,226 -2,595
7,179 2,914 -3,349
7,204 3,624 -4,005
7,229 4,268 -4,661
7,254 4,867 -5,268
7,279 5,400 -5,827
7,304 5,911 -6,289
7,329 6,355 -6,702
7,354 6,710 -7,018
7,379 6,954 -7,285
7,404 7,198 -7,455
7,429 7,287 -7,553
7,454 7,309 -7,528
7,479 7,243 -7,455
7,504 7,132 -7,285
7,529 6,910 -7,067
7,554 6,643 -6,678
7,579 6,244 -6,289
7,604 5,822 -5,803
7,629 5,311 -5,293
7,654 4,756 -4,685
7,679 4,113 -4,029
7,704 3,469 -3,324
7,729 2,781 -2,620
7,754 2,048 -1,842
7,779 1,293 -1,065
7,804 0,516 -0,238
7,829 -0,261 0,539
7,854 -0,993 1,365
7,879 -1,770 2,119
7,904 -2,481 2,921
7,929 -3,213 3,650
7,954 -3,879 4,330
7,979 -4,501 4,938
8,004 -5,078 5,569
8,029 -5,589 6,080
8,054 -6,011 6,541
8,079 -6,432 6,930
8,104 -6,743 7,270
8,129 -7,032 7,465
8,154 -7,165 7,635
8,179 -7,298 7,708
8,204 -7,320 7,756
8,229 -7,276 7,635
8,254 -7,098 7,489
8,279 -6,943 7,270
8,304 -6,654 6,954
8,329 -6,321 6,541
8,354 -5,922 6,080
8,379 -5,411 5,521
8,404 -4,856 4,962
8,429 -4,301 4,306
8,454 -3,635 3,601
8,479 -2,969 2,872
8,504 -2,259 2,119
8,529 -1,504 1,341
8,554 -0,749 0,539
8,579 -0,017 -0,263
8,604 0,783 -1,040
8,629 1,493 -1,842
8,654 2,248 -2,595
8,679 2,958 -3,349
8,704 3,646 -4,029
8,729 4,290 -4,734
8,754 4,912 -5,293
8,779 5,422 -5,876
8,804 5,933 -6,338
8,829 6,310 -6,775
8,854 6,666 -7,067
8,879 6,910 -7,334
8,904 7,110 -7,480
8,929 7,198 -7,577
8,954 7,243 -7,577
8,979 7,154 -7,504
9,004 7,021 -7,310
9,029 6,799 -7,067
9,054 6,510 -6,751
9,079 6,111 -6,362
9,104 5,689 -5,852
9,129 5,156 -5,341
9,154 4,601 -4,709
9,179 3,957 -4,053
9,204 3,336 -3,349
9,229 2,625 -2,620
9,254 1,937 -1,842
9,279 1,182 -1,089
9,304 0,450 -0,263
9,329 -0,350 0,564
9,354 -1,060 1,365
9,379 -1,859 2,143
9,404 -2,547 2,872
9,429 -3,258 3,625
9,454 -3,902 4,330
9,479 -4,523 4,962
9,504 -5,056 5,569
9,529 -5,589 6,080
9,554 -6,011 6,566
9,579 -6,410 6,954
9,604 -6,699 7,270
9,629 -6,965 7,489
9,654 -7,121 7,683
9,679 -7,232 7,756
9,704 -7,232 7,756
9,729 -7,187 7,683
9,754 -7,010 7,538
9,779 -6,832 7,295
9,804 -6,521 7,003
9,829 -6,188 6,590
9,854 -5,766 6,128
9,879 -5,256 5,594
9,904 -4,745 5,010
9,929 -4,168 4,354
9,954 -3,502 3,650
9,979 -2,836 2,896
10,004 -2,103 2,143
10,029 -1,393 1,341
10,054 -0,638 0,588
10,079 0,117 -0,238
10,104 0,871 -1,016
10,129 1,604 -1,818
10,154 2,337 -2,571
10,179 3,025 -3,300
10,204 3,735 -4,029
10,229 4,357 -4,709
10,254 4,934 -5,293
10,279 5,422 -5,852
10,304 5,911 -6,338
10,329 6,310 -6,775
10,354 6,643 -7,115
10,379 6,888 -7,358
10,404 7,065 -7,504
10,429 7,132 -7,601
10,454 7,154 -7,577
10,479 7,065 -7,528
10,504 6,932 -7,382
10,529 6,688 -7,139
10,554 6,399 -6,775
10,579 6,000 -6,362
10,604 5,533 -5,925
10,629 5,045 -5,390
10,654 4,490 -4,734
10,679 3,846 -4,102
10,704 3,202 -3,397
10,729 2,514 -2,668
10,754 1,782 -1,915
10,779 1,027 -1,162
10,804 0,294 -0,287
10,829 -0,461 0,491
10,854 -1,215 1,293
10,879 -1,948 2,070
10,904 -2,636 2,848
10,929 -3,347 3,577
10,954 -3,968 4,257
10,979 -4,568 4,913
11,004 -5,123 5,496
11,029 -5,655 6,031
11,054 -6,077 6,541
11,079 -6,432 6,906
11,104 -6,699 7,246
11,129 -6,943 7,489
11,154 -7,098 7,659
11,179 -7,187 7,756
11,204 -7,187 7,756
11,229 -7,121 7,659
11,254 -6,987 7,513
11,279 -6,765 7,270
11,304 -6,455 6,979
11,329 -6,122 6,590
11,354 -5,655 6,128
11,379 -5,189 5,594
11,404 -4,634 5,010
11,429 -4,035 4,403
11,454 -3,369 3,674
11,479 -2,725 2,921
11,504 -1,970 2,192
11,529 -1,238 1,390
11,554 -0,505 0,612
11,579 0,228 -0,214
11,604 0,982 -0,967
11,629 1,737 -1,793
11,654 2,470 -2,547
11,679 3,114 -3,276
11,704 3,780 -3,956
11,729 4,401 -4,637
11,754 4,978 -5,220
11,779 5,467 -5,779
11,804 5,977 -6,289
11,829 6,333 -6,726
11,854 6,643 -7,042
11,879 6,865 -7,310
11,904 7,043 -7,455
11,929 7,132 -7,601
11,954 7,132 -7,553
11,979 7,021 -7,504
12,004 6,888 -7,334
12,029 6,599 -7,139
12,054 6,310 -6,799
12,079 5,911 -6,410
12,104 5,489 -5,925
12,129 4,956 -5,414
12,154 4,423 -4,807
12,179 3,780 -4,151
12,204 3,136 -3,470
12,229 2,403 -2,741
12,254 1,715 -1,964
12,279 0,960 -1,210
12,304 0,205 -0,384
12,329 -0,572 0,393
12,354 -1,304 1,220
12,379 -2,059 1,973
12,404 -2,725 2,751
12,429 -3,413 3,480
12,454 -4,057 4,209
12,479 -4,634 4,816
12,504 -5,189 5,424
12,529 -5,700 5,958
12,554 -6,122 6,444
12,579 -6,477 6,857
12,604 -6,743 7,197
12,629 -6,943 7,416
12,654 -7,098 7,611
12,679 -7,209 7,708
12,704 -7,187 7,732
12,729 -7,121 7,659
12,754 -6,921 7,513
12,779 -6,743 7,270
12,804 -6,410 6,979
12,829 -6,077 6,566
12,854 -5,589 6,153
12,879 -5,100 5,642
12,904 -4,545 5,059
12,929 -3,968 4,427
12,954 -3,324 3,723
12,979 -2,636 3,042
13,004 -1,926 2,265
13,029 -1,171 1,463
13,054 -0,416 0,709
13,079 0,339 -0,092
13,104 1,093 -0,894
13,129 1,804 -1,672
13,154 2,559 -2,450
13,179 3,225 -3,203
13,204 3,868 -3,859
13,229 4,490 -4,539
13,254 5,067 -5,171
13,279 5,578 -5,730
13,304 6,044 -6,192
13,329 6,377 -6,629
13,354 6,688 -6,969
13,379 6,932 -7,212
13,404 7,087 -7,382
13,429 7,132 -7,480
13,454 7,154 -7,528
13,479 7,043 -7,480
13,504 6,888 -7,310
13,529 6,621 -7,067
13,554 6,288 -6,726
13,579 5,911 -6,362
13,604 5,445 -5,900
13,629 4,890 -5,390
13,654 4,312 -4,758
13,679 3,691 -4,175
13,704 3,047 -3,470
13,729 2,314 -2,765
13,754 1,626 -2,012
13,779 0,849 -1,235
13,804 0,117 -0,408
13,829 -0,660 0,369
13,854 -1,393 1,171
13,879 -2,148 1,924
13,904 -2,836 2,678
13,929 -3,524 3,407
13,954 -4,168 4,136
13,979 -4,767 4,768
14,004 -5,256 5,351
14,029 -5,766 5,861
14,054 -6,188 6,371
14,079 -6,566 6,736
14,104 -6,832 7,076
14,129 -7,032 7,319
14,154 -7,165 7,538
14,179 -7,232 7,611
14,204 -7,232 7,635
14,229 -7,121 7,538
14,254 -6,965 7,440
14,279 -6,699 7,197
14,304 -6,410 6,906
14,329 -6,033 6,517
14,354 -5,589 6,128
14,379 -5,056 5,569
14,404 -4,501 5,035
14,429 -3,902 4,403
14,454 -3,236 3,723
14,479 -2,570 3,018
14,504 -1,793 2,265
14,529 -1,082 1,487
14,554 -0,305 0,734
14,579 0,427 -0,068
14,604 1,182 -0,846
14,629 1,915 -1,623
14,654 2,647 -2,377
14,679 3,336 -3,106
14,704 4,002 -3,810
14,729 4,601 -4,466
14,754 5,178 -5,074
14,779 5,667 -5,609
14,804 6,133 -6,070
14,829 6,488 -6,508
14,854 6,799 -6,848
14,879 6,976 -7,115
14,904 7,154 -7,285
14,929 7,198 -7,407
14,954 7,176 -7,382
14,979 7,065 -7,358
15,004 6,910 -7,212
15,029 6,643 -6,994
15,054 6,310 -6,653
15,079 5,911 -6,289
15,104 5,445 -5,827
15,129 4,912 -5,317
15,154 4,290 -4,709
15,179 3,669 -4,102
15,204 3,003 -3,422
15,229 2,292 -2,717
15,254 1,537 -1,964
15,279 0,760 -1,186
15,304 0,028 -0,408
15,329 -0,727 0,345
15,354 -1,460 1,147
15,379 -2,237 1,900
15,404 -2,947 2,653
15,429 -3,613 3,358
15,454 -4,235 4,063
15,479 -4,812 4,695
15,504 -5,345 5,253
15,529 -5,833 5,764
15,554 -6,255 6,250
15,579 -6,632 6,663
15,604 -6,876 7,003
15,629 -7,098 7,222
15,654 -7,232 7,392
15,679 -7,298 7,513
15,704 -7,232 7,513
15,729 -7,143 7,440
15,754 -6,987 7,295
15,779 -6,765 7,052
15,804 -6,432 6,784
15,829 -6,033 6,420
15,854 -5,567 6,007
15,879 -5,100 5,496
15,904 -4,501 4,962
15,929 -3,857 4,330
15,954 -3,213 3,650
15,979 -2,525 2,921
16,004 -1,793 2,216
16,029 -1,060 1,463
16,054 -0,283 0,709
16,079 0,494 -0,068
16,104 1,227 -0,846
16,129 1,981 -1,623
16,154 2,736 -2,377
16,179 3,402 -3,130
16,204 4,068 -3,762
16,229 4,668 -4,442
16,254 5,245 -5,050
16,279 5,755 -5,560
16,304 6,199 -6,022
16,329 6,555 -6,435
16,354 6,865 -6,751
16,379 7,043 -7,018
16,404 7,198 -7,212
16,429 7,265 -7,310
16,454 7,221 -7,285
16,479 7,132 -7,237
16,504 6,954 -7,091
16,529 6,666 -6,848
16,554 6,333 -6,581
16,579 5,933 -6,167
16,604 5,467 -5,730
16,629 4,912 -5,220
16,654 4,312 -4,637
16,679 3,646 -4,005
16,704 2,980 -3,349
16,729 2,248 -2,668
16,754 1,515 -1,915
16,779 0,738 -1,137
16,804 -0,017 -0,360
16,829 -0,771 0,393
16,854 -1,504 1,147
16,879 -2,259 1,876
16,904 -2,991 2,629
16,929 -3,702 3,358
16,954 -4,301 4,038
16,979 -4,878 4,646
17,004 -5,433 5,229
17,029 -5,900 5,715
17,054 -6,321 6,177
17,079 -6,699 6,590
17,104 -6,965 6,906
17,129 -7,187 7,149
17,154 -7,298 7,295
17,179 -7,365 7,368
17,204 -7,343 7,392
17,229 -7,209 7,295
17,254 -7,054 7,173
17,279 -6,788 6,930
17,304 -6,455 6,639
17,329 -6,077 6,274
17,354 -5,633 5,837
17,379 -5,100 5,375
17,404 -4,523 4,816
17,429 -3,924 4,209
17,454 -3,258 3,528
17,479 -2,525 2,848
17,504 -1,770 2,119
17,529 -1,038 1,341
17,554 -0,261 0,612
17,579 0,494 -0,141
17,604 1,249 -0,919
17,629 2,004 -1,648
17,654 2,736 -2,401
17,679 3,424 -3,106
17,704 4,090 -3,786
17,729 4,712 -4,394
17,754 5,267 -5,001
17,779 5,778 -5,511
17,804 6,222 -5,997
17,829 6,621 -6,386
17,854 6,910 -6,702
17,879 7,132 -6,945
17,904 7,265 -7,115
17,929 7,309 -7,188
17,954 7,287 -7,212
17,979 7,176 -7,115
18,004 7,021 -6,969
18,029 6,732 -6,726
18,054 6,399 -6,435
18,079 5,977 -6,022
18,104 5,511 -5,609
18,129 4,956 -5,098
18,154 4,335 -4,515
18,179 3,691 -3,883
18,204 3,003 -3,227
18,229 2,292 -2,547
18,254 1,537 -1,793
18,279 0,783 -1,040
18,304 0,006 -0,263
18,329 -0,749 0,466
18,354 -1,504 1,195
18,379 -2,259 1,949
18,404 -2,991 2,702
18,429 -3,657 3,382
18,454 -4,301 4,038
18,479 -4,901 4,646
18,504 -5,478 5,205
18,529 -5,944 5,739
18,554 -6,344 6,177
18,579 -6,699 6,541
18,604 -6,965 6,809
18,629 -7,209 7,052
18,654 -7,343 7,197
18,679 -7,365 7,295
18,704 -7,365 7,295
18,729 -7,276 7,197
18,754 -7,098 7,076
18,779 -6,832 6,857
18,804 -6,521 6,541
18,829 -6,099 6,153
18,854 -5,655 5,691
18,879 -5,145 5,229
18,904 -4,568 4,670
18,929 -3,946 4,063
18,954 -3,280 3,382
18,979 -2,570 2,702
19,004 -1,815 1,973
19,029 -1,060 1,244
19,054 -0,283 0,491
19,079 0,472 -0,263
19,104 1,227 -1,016
19,129 1,959 -1,745
19,154 2,714 -2,474
19,179 3,402 -3,179
19,204 4,090 -3,835
19,229 4,690 -4,442
19,254 5,267 -5,001
19,279 5,778 -5,511
19,304 6,244 -5,973
19,329 6,621 -6,338
19,354 6,910 -6,678
19,379 7,154 -6,872
19,404 7,265 -7,042
19,429 7,332 -7,091
19,454 7,332 -7,115
19,479 7,243 -7,042
19,504 7,021 -6,872
19,529 6,777 -6,581
19,554 6,421 -6,289
19,579 6,022 -5,900
19,604 5,533 -5,463
19,629 5,023 -4,952
19,654 4,401 -4,394
19,679 3,757 -3,762
19,704 3,047 -3,106
19,729 2,314 -2,401
19,754 1,604 -1,672
19,779 0,827 -0,919
19,804 0,050 -0,190
19,829 -0,705 0,564
19,854 -1,482 1,293
19,879 -2,214 2,070
19,904 -2,947 2,751
19,929 -3,635 3,431
19,954 -4,257 4,087
19,979 -4,856 4,695
20,004 -5,411 5,253
20,029 -5,900 5,715
20,054 -6,344 6,153
20,079 -6,699 6,517
20,104 -6,987 6,809
20,129 -7,187 7,027
20,154 -7,343 7,149
20,179 -7,387 7,246
20,204 -7,365 7,197
20,229 -7,276 7,149
20,254 -7,098 6,979
20,279 -6,832 6,736
20,304 -6,543 6,420
20,329 -6,122 6,055
20,354 -5,655 5,594
20,379 -5,167 5,083
20,404 -4,590 4,524
20,429 -3,968 3,941
20,454 -3,302 3,285
20,479 -2,614 2,605
20,504 -1,881 1,876
20,529 -1,104 1,123
20,554 -0,350 0,369
20,579 0,427 -0,360
20,604 1,182 -1,113
20,629 1,937 -1,842
20,654 2,670 -2,571
20,679 3,380 -3,251
20,704 4,046 -3,908
20,729 4,668 -4,515
20,754 5,223 -5,050
20,779 5,778 -5,560
20,804 6,199 -6,022
20,829 6,577 -6,362
20,854 6,888 -6,678
20,879 7,132 -6,896
20,904 7,265 -7,018
20,929 7,332 -7,042
20,954 7,309 -7,042
20,979 7,221 -6,945
21,004 7,043 -6,775
21,029 6,777 -6,508
21,054 6,421 -6,216
21,079 6,022 -5,779
21,104 5,533 -5,341
21,129 5,023 -4,807
21,154 4,423 -4,248
21,179 3,802 -3,616
21,204 3,091 -2,960
21,229 2,381 -2,231
21,254 1,648 -1,526
21,279 0,894 -0,797
21,304 0,094 -0,044
21,329 -0,638 0,709
21,354 -1,393 1,414
21,379 -2,148 2,192
21,404 -2,880 2,872
21,429 -3,569 3,577
21,454 -4,212 4,184
21,479 -4,812 4,792
21,504 -5,367 5,302
21,529 -5,855 5,788
21,554 -6,277 6,201
21,579 -6,632 6,541
21,604 -6,943 6,809
21,629 -7,121 7,052
21,654 -7,298 7,173
21,679 -7,343 7,246
21,704 -7,343 7,197
21,729 -7,232 7,125
21,754 -7,076 6,930
21,779 -6,832 6,687
21,804 -6,566 6,371
21,829 -6,166 5,982
21,854 -5,722 5,521
21,879 -5,211 5,035
21,904 -4,612 4,452
21,929 -3,990 3,820
21,954 -3,347 3,139
21,979 -2,658 2,459
22,004 -1,926 1,730
22,029 -1,149 1,001
22,054 -0,394 0,272
22,079 0,383 -0,481
22,104 1,138 -1,259
22,129 1,870 -1,939
22,154 2,603 -2,693
22,179 3,336 -3,349
22,204 3,957 -3,980
22,229 4,601 -4,612
22,254 5,156 -5,123
22,279 5,689 -5,584
22,304 6,133 -6,046
22,329 6,532 -6,410
22,354 6,799 -6,678
22,379 7,065 -6,872
22,404 7,176 -7,018
22,429 7,265 -7,067
22,454 7,265 -7,067
22,479 7,176 -6,945
22,504 6,999 -6,775
22,529 6,754 -6,508
22,554 6,399 -6,167
22,579 6,022 -5,730
22,604 5,533 -5,293
22,629 5,001 -4,734
22,654 4,423 -4,175
22,679 3,780 -3,519
22,704 3,091 -2,863
22,729 2,425 -2,158
22,754 1,671 -1,429
22,779 0,916 -0,676
22,804 0,139 0,053
22,829 -0,594 0,807
22,854 -1,371 1,536
22,879 -2,103 2,289
22,904 -2,814 2,994
22,929 -3,502 3,698
22,954 -4,146 4,281
22,979 -4,723 4,913
23,004 -5,278 5,375
23,029 -5,766 5,885
23,054 -6,210 6,298
23,079 -6,566 6,639
23,104 -6,832 6,906
23,129 -7,054 7,125
23,154 -7,232 7,246
23,179 -7,254 7,295
23,204 -7,276 7,246
23,229 -7,165 7,149
23,254 -7,010 6,930
23,279 -6,765 6,712
23,304 -6,477 6,371
23,329 -6,077 5,982
23,354 -5,633 5,496
23,379 -5,123 4,962
23,404 -4,590 4,354
23,429 -3,968 3,771
23,454 -3,347 3,091
23,479 -2,636 2,386
23,504 -1,926 1,657
23,529 -1,171 0,952
23,554 -0,438 0,150
23,579 0,339 -0,579
23,604 1,093 -1,332
23,629 1,848 -2,061
23,654 2,536 -2,765
23,679 3,247 -3,446
23,704 3,913 -4,102
23,729 4,512 -4,685
23,754 5,067 -5,244
23,779 5,600 -5,706
23,804 6,044 -6,143
23,829 6,421 -6,459
23,854 6,732 -6,775
23,879 6,999 -6,945
23,904 7,087 -7,067
23,929 7,176 -7,091
23,954 7,176 -7,091
23,979 7,087 -6,945
24,004 6,910 -6,775
24,029 6,666 -6,483
24,054 6,333 -6,143
24,079 5,977 -5,706
24,104 5,467 -5,220
24,129 4,956 -4,685
24,154 4,379 -4,102
24,179 3,802 -3,470
24,204 3,091 -2,814
24,229 2,425 -2,085
24,254 1,671 -1,356
24,279 0,938 -0,579
24,304 0,183 0,150
24,329 -0,549 0,904
24,354 -1,304 1,657
24,379 -2,037 2,410
24,404 -2,747 3,091
24,429 -3,413 3,771
24,454 -4,057 4,403
24,479 -4,634 4,986
24,504 -5,211 5,521
24,529 -5,678 6,007
24,554 -6,122 6,396
24,579 -6,455 6,736
24,604 -6,743 6,954
24,629 -6,965 7,197
24,654 -7,121 7,295
24,679 -7,165 7,343
24,704 -7,165 7,295
24,729 -7,054 7,173
24,754 -6,921 6,954
24,779 -6,677 6,712
24,804 -6,410 6,347
24,829 -6,011 5,958
24,854 -5,589 5,472
24,879 -5,056 4,938
24,904 -4,545 4,379
24,929 -3,902 3,723
24,954 -3,302 3,042
24,979 -2,592 2,337
25,004 -1,904 1,608
25,029 -1,149 0,879
25,054 -0,416 0,126
25,079 0,339 -0,627
25,104 1,071 -1,380
25,129 1,826 -2,109
25,154 2,514 -2,863
25,179 3,202 -3,519
25,204 3,846 -4,175
25,229 4,468 -4,758
25,254 4,978 -5,317
25,279 5,556 -5,754
25,304 5,933 -6,216
25,329 6,355 -6,532
25,354 6,643 -6,824
25,379 6,843 -7,018
25,404 6,999 -7,139
25,429 7,087 -7,139
25,454 7,065 -7,164
25,479 6,976 -6,994
25,504 6,777 -6,824
25,529 6,555 -6,508
25,554 6,244 -6,167
25,579 5,866 -5,754
25,604 5,400 -5,268
25,629 4,890 -4,709
25,654 4,290 -4,102
25,679 3,691 -3,446
25,704 3,025 -2,790
25,729 2,359 -2,036
25,754 1,604 -1,332
25,779 0,894 -0,554
25,804 0,161 0,175
25,829 -0,549 0,952
25,854 -1,304 1,706
25,879 -2,037 2,459
25,904 -2,747 3,139
25,929 -3,391 3,844
25,954 -4,035 4,452
25,979 -4,590 5,059
26,004 -5,123 5,569
26,029 -5,611 6,055
26,054 -6,033 6,444
26,079 -6,344 6,809
26,104 -6,632 7,052
26,129 -6,832 7,270
26,154 -7,010 7,368
26,179 -7,054 7,392
26,204 -7,054 7,343
26,229 -6,943 7,222
26,254 -6,810 7,027
26,279 -6,543 6,760
26,304 -6,277 6,420
26,329 -5,900 6,031
26,354 -5,478 5,545
26,379 -4,945 5,010
26,404 -4,457 4,427
26,429 -3,835 3,747
26,454 -3,236 3,067
26,479 -2,547 2,362
26,504 -1,837 1,608
26,529 -1,104 0,879
26,554 -0,394 0,102
26,579 0,361 -0,651
26,604 1,071 -1,429
26,629 1,826 -2,134
26,654 2,536 -2,887
26,679 3,202 -3,567
26,704 3,824 -4,223
26,729 4,423 -4,807
26,754 4,934 -5,341
26,779 5,445 -5,827
26,804 5,889 -6,265
26,829 6,288 -6,629
26,854 6,555 -6,896
26,879 6,777 -7,067
26,904 6,888 -7,212
26,929 6,976 -7,237
26,954 6,954 -7,212
26,979 6,865 -7,067
27,004 6,688 -6,872
27,029 6,466 -6,581
27,054 6,111 -6,240
27,079 5,733 -5,803
27,104 5,267 -5,317
27,129 4,779 -4,734
27,154 4,179 -4,175
27,179 3,580 -3,494
27,204 2,914 -2,814
27,229 2,248 -2,061
27,254 1,537 -1,356
27,279 0,849 -0,579
27,304 0,072 0,150
27,329 -0,638 0,904
27,354 -1,371 1,657
27,379 -2,059 2,410
27,404 -2,747 3,139
27,429 -3,391 3,868
27,454 -4,035 4,476
27,479 -4,568 5,083
27,504 -5,100 5,594
27,529 -5,567 6,080
27,554 -5,966 6,468
27,579 -6,299 6,833
27,604 -6,588 7,076
27,629 -6,788 7,270
27,654 -6,921 7,368
27,679 -6,965 7,440
27,704 -6,943 7,368
27,729 -6,854 7,270
27,754 -6,699 7,076
27,779 -6,455 6,809
27,804 -6,144 6,444
27,829 -5,766 6,031
27,854 -5,367 5,569
27,879 -4,856 5,010
27,904 -4,346 4,452
27,929 -3,746 3,795
27,954 -3,125 3,091
27,979 -2,436 2,386
28,004 -1,726 1,633
28,029 -1,016 0,904
28,054 -0,305 0,126
28,079 0,450 -0,627
28,104 1,160 -1,405
28,129 1,870 -2,134
28,154 2,536 -2,887
28,179 3,225 -3,567
28,204 3,824 -4,223
28,229 4,423 -4,807
28,254 4,934 -5,390
28,279 5,467 -5,852
28,304 5,866 -6,313
28,329 6,222 -6,653
28,354 6,466 -6,945
28,379 6,710 -7,115
28,404 6,821 -7,261
28,429 6,910 -7,285
28,454 6,888 -7,285
28,479 6,777 -7,139
28,504 6,577 -6,921
28,529 6,333 -6,653
28,554 6,000 -6,289
28,579 5,622 -5,852
28,604 5,134 -5,366
28,629 4,645 -4,807
28,654 4,068 -4,223
28,679 3,469 -3,543
28,704 2,803 -2,887
28,729 2,159 -2,158
28,754 1,426 -1,405
28,779 0,738 -0,627
28,804 0,028 0,126
28,829 -0,705 0,904
28,854 -1,437 1,657
28,879 -2,126 2,435
28,904 -2,814 3,091
28,929 -3,435 3,844
28,954 -4,035 4,452
28,979 -4,612 5,059
29,004 -5,123 5,569
29,029 -5,522 6,080
29,054 -5,966 6,468
29,079 -6,277 6,833
29,104 -6,543 7,100
29,129 -6,721 7,319
29,154 -6,854 7,392
29,179 -6,876 7,465
29,204 -6,854 7,392
29,229 -6,765 7,319
29,254 -6,610 7,100
29,279 -6,344 6,857
29,304 -6,033 6,493
29,329 -5,678 6,128
29,354 -5,256 5,642
29,379 -4,745 5,108
29,404 -4,257 4,524
29,429 -3,635 3,868
29,454 -3,036 3,164
29,479 -2,370 2,459
29,504 -1,659 1,706
29,529 -0,927 0,977
29,554 -0,216 0,199
29,579 0,516 -0,554
29,604 1,227 -1,332
29,629 1,937 -2,036
29,654 2,581 -2,814
29,679 3,247 -3,494
29,704 3,868 -4,151
29,729 4,468 -4,758
29,754 4,934 -5,317
29,779 5,467 -5,803
29,804 5,866 -6,240
29,829 6,199 -6,605
29,854 6,444 -6,921
29,879 6,688 -7,115
29,904 6,799 -7,261
29,929 6,843 -7,285
29,954 6,799 -7,285
29,979 6,688 -7,139
30,004 6,510 -6,945
30,029 6,244 -6,678
30,054 5,911 -6,313
30,079 5,511 -5,900
30,104 5,045 -5,438
30,129 4,557 -4,880
30,154 3,979 -4,321
30,179 3,380 -3,640
30,204 2,714 -2,936
30,229 2,070 -2,207
30,254 1,360 -1,502
30,279 0,672 -0,724
30,304 -0,083 0,005
30,329 -0,771 0,807
30,354 -1,482 1,536
30,379 -2,170 2,289
30,404 -2,880 2,994
30,429 -3,502 3,698
30,454 -4,079 4,354
30,479 -4,634 4,962
30,504 -5,145 5,496
30,529 -5,567 6,007
30,554 -5,966 6,396
30,579 -6,277 6,784
30,604 -6,543 7,027
30,629 -6,721 7,246
30,654 -6,832 7,368
30,679 -6,854 7,416
30,704 -6,832 7,392
30,729 -6,721 7,319
30,754 -6,566 7,125
30,779 -6,321 6,882
30,804 -6,011 6,517
30,829 -5,589 6,104
30,854 -5,167 5,642
30,879 -4,656 5,132
30,904 -4,124 4,524
30,929 -3,502 3,966
30,954 -2,925 3,212
30,979 -2,237 2,532
31,004 -1,548 1,754
31,029 -0,838 1,025
31,054 -0,105 0,248
31,079 0,627 -0,481
31,104 1,315 -1,259
31,129 2,026 -1,964
31,154 2,692 -2,741
31,179 3,358 -3,446
31,204 3,979 -4,102
31,229 4,512 -4,685
31,254 5,023 -5,268
31,279 5,511 -5,779
31,304 5,889 -6,216
31,329 6,222 -6,556
31,354 6,466 -6,848
31,379 6,688 -7,042
31,404 6,799 -7,188
31,429 6,843 -7,212
31,454 6,799 -7,237
31,479 6,688 -7,115
31,504 6,466 -6,945
31,529 6,222 -6,678
31,554 5,866 -6,338
31,579 5,467 -5,925
31,604 4,978 -5,463
31,629 4,468 -4,904
31,654 3,891 -4,321
31,679 3,269 -3,640
31,704 2,625 -2,984
31,729 1,937 -2,255
31,754 1,249 -1,550
31,779 0,538 -0,797
31,804 -0,194 -0,044
31,829 -0,882 0,734
31,854 -1,615 1,463
31,879 -2,303 2,216
31,904 -2,991 2,921
31,929 -3,569 3,625
31,954 -4,168 4,257
31,979 -4,723 4,889
32,004 -5,234 5,399
32,029 -5,633 5,910
32,054 -6,011 6,298
32,079 -6,321 6,687
32,104 -6,588 6,954
32,129 -6,743 7,173
32,154 -6,832 7,295
32,179 -6,876 7,392
32,204 -6,876 7,343
32,229 -6,721 7,246
32,254 -6,543 7,052
32,279 -6,299 6,833
32,304 -5,966 6,493
32,329 -5,567 6,104
32,354 -5,123 5,642
32,379 -4,590 5,108
32,404 -4,057 4,524
32,429 -3,435 3,917
32,454 -2,814 3,212
32,479 -2,148 2,556
32,504 -1,437 1,803
32,529 -0,727 1,098
32,554 0,006 0,321
32,579 0,738 -0,408
32,604 1,426 -1,210
32,629 2,137 -1,915
32,690 3,491 -3,349
32,715 4,224 -4,199
32,740 4,801 -4,831
32,765 5,289 -5,390
32,790 5,755 -5,827
32,815 6,111 -6,289
32,840 6,399 -6,605
32,865 6,621 -6,896
32,890 6,799 -7,042
32,915 6,843 -7,164
32,940 6,865 -7,164
32,965 6,777 -7,139
32,990 6,643 -6,969
33,015 6,377 -6,775
33,040 6,088 -6,459
33,065 5,667 -6,143
33,090 5,245 -5,657
33,115 4,734 -5,196
33,140 4,201 -4,637
33,165 3,580 -4,029
33,190 2,958 -3,349
33,215 2,270 -2,717
33,240 1,604 -1,988
33,265 0,849 -1,235
33,290 0,139 -0,481
33,315 -0,616 0,248
33,340 -1,282 1,001
33,365 -2,015 1,754
33,390 -2,681 2,483
33,415 -3,347 3,139
33,440 -3,946 3,820
33,465 -4,545 4,452
33,490 -5,012 5,035
33,515 -5,500 5,545
33,540 -5,900 6,007
33,565 -6,255 6,371
33,590 -6,499 6,712
33,615 -6,743 6,979
33,640 -6,854 7,149
33,665 -6,921 7,222
33,690 -6,899 7,295
33,715 -6,810 7,197
33,740 -6,654 7,100
33,765 -6,455 6,882
33,790 -6,122 6,614
33,815 -5,789 6,250
33,840 -5,367 5,861
33,865 -4,901 5,351
33,890 -4,346 4,840
33,915 -3,791 4,257
33,940 -3,147 3,625
33,965 -2,481 2,896
33,990 -1,793 2,216
34,015 -1,060 1,487
34,040 -0,350 0,782
34,065 0,405 0,005
34,090 1,116 -0,724
34,115 1,804 -1,502
34,140 2,514 -2,182
34,165 3,180 -2,911
34,190 3,824 -3,567
34,215 4,379 -4,175
34,240 4,934 -4,758
34,265 5,422 -5,293
34,290 5,866 -5,754
34,315 6,199 -6,167
34,340 6,488 -6,483
34,365 6,688 -6,775
34,390 6,865 -6,921
34,415 6,910 -7,042
34,440 6,888 -7,042
34,465 6,777 -6,994
34,490 6,643 -6,848
34,515 6,399 -6,678
34,540 6,088 -6,386
34,565 5,667 -6,022
34,590 5,245 -5,560
34,615 4,734 -5,123
34,640 4,201 -4,539
34,665 3,558 -3,956
34,690 2,936 -3,349
34,715 2,248 -2,644
34,740 1,560 -1,964
34,765 0,827 -1,259
34,790 0,094 -0,506
34,815 -0,638 0,248
34,840 -1,349 1,001
34,865 -2,081 1,730
34,890 -2,747 2,435
34,915 -3,391 3,091
34,940 -4,013 3,771
34,965 -4,590 4,354
34,990 -5,078 4,938
35,015 -5,567 5,448
35,040 -5,944 5,934
