Pendel 1 in Ruhe
Pendel 2 ausgelenkt0,025 2,392 -5,854
0,050 4,990 -5,879
0,079 6,011 -6,243
0,104 6,566 -6,559
0,129 6,877 -6,899
0,154 7,165 -7,118
0,179 7,321 -7,288
0,204 7,432 -7,361
0,229 7,454 -7,385
0,254 7,409 -7,312
0,279 7,276 -7,191
0,304 7,099 -7,021
0,329 6,788 -6,753
0,354 6,499 -6,413
0,379 6,055 -6,024
0,404 5,633 -5,563
0,429 5,101 -5,053
0,454 4,523 -4,445
0,479 3,880 -3,862
0,504 3,258 -3,230
0,529 2,592 -2,550
0,554 1,882 -1,845
0,579 1,149 -1,140
0,604 0,416 -0,387
0,629 -0,338 0,342
0,654 -1,071 1,095
0,687 -1,981 1,994
0,712 -2,736 2,723
0,737 -3,402 3,428
0,762 -4,046 4,060
0,787 -4,623 4,643
0,812 -5,200 5,202
0,837 -5,689 5,712
0,862 -6,133 6,150
0,887 -6,488 6,539
0,912 -6,843 6,854
0,937 -7,087 7,097
0,962 -7,265 7,268
0,987 -7,354 7,389
1,012 -7,398 7,438
1,037 -7,354 7,389
1,062 -7,265 7,292
1,087 -7,087 7,097
1,112 -6,843 6,854
1,137 -6,554 6,563
1,162 -6,177 6,150
1,187 -5,733 5,712
1,212 -5,245 5,202
1,237 -4,690 4,643
1,262 -4,112 4,060
1,287 -3,491 3,428
1,312 -2,825 2,723
1,337 -2,137 2,043
1,362 -1,404 1,338
1,387 -0,671 0,609
1,412 0,083 -0,120
1,437 0,816 -0,873
1,462 1,571 -1,602
1,487 2,281 -2,307
1,512 2,947 -2,987
1,537 3,613 -3,643
1,562 4,235 -4,275
1,587 4,834 -4,858
1,612 5,345 -5,393
1,637 5,833 -5,854
1,662 6,255 -6,268
1,687 6,632 -6,632
1,712 6,921 -6,948
1,737 7,165 -7,167
1,762 7,321 -7,312
1,787 7,409 -7,385
1,812 7,432 -7,385
1,837 7,343 -7,337
1,862 7,210 -7,167
1,887 7,010 -6,972
1,912 6,721 -6,705
1,937 6,388 -6,365
1,962 5,944 -5,927
1,987 5,478 -5,466
2,012 4,945 -4,955
2,037 4,390 -4,372
2,062 3,769 -3,740
2,087 3,125 -3,108
2,112 2,437 -2,404
2,137 1,704 -1,699
2,162 0,971 -0,994
2,187 0,261 -0,241
2,212 -0,494 0,488
2,237 -1,204 1,241
2,262 -1,959 1,922
2,287 -2,647 2,651
2,312 -3,313 3,355
2,337 -3,935 3,987
2,362 -4,534 4,595
2,387 -5,089 5,129
2,412 -5,600 5,639
2,437 -6,044 6,077
2,462 -6,443 6,466
2,487 -6,754 6,806
2,512 -6,998 7,073
2,537 -7,198 7,243
2,562 -7,331 7,365
2,587 -7,354 7,413
2,612 -7,354 7,389
2,637 -7,265 7,292
2,662 -7,087 7,097
2,687 -6,865 6,879
2,712 -6,577 6,563
2,737 -6,199 6,223
2,762 -5,777 5,761
2,787 -5,289 5,299
2,812 -4,734 4,740
2,837 -4,179 4,133
2,862 -3,557 3,501
2,887 -2,891 2,845
2,912 -2,225 2,140
2,937 -1,493 1,411
2,962 -0,782 0,682
2,987 -0,028 -0,047
3,012 0,727 -0,776
3,037 1,438 -1,480
3,062 2,148 -2,209
3,087 2,836 -2,914
3,112 3,502 -3,546
3,137 4,146 -4,153
3,162 4,723 -4,761
3,187 5,278 -5,295
3,212 5,789 -5,806
3,237 6,211 -6,219
3,262 6,566 -6,608
3,287 6,877 -6,899
3,312 7,099 -7,142
3,337 7,254 -7,288
3,362 7,365 -7,361
3,387 7,387 -7,385
3,412 7,321 -7,337
3,437 7,187 -7,215
3,462 6,988 -6,996
3,487 6,721 -6,729
3,512 6,388 -6,389
3,537 5,989 -5,976
3,562 5,522 -5,514
3,587 5,012 -5,028
3,612 4,435 -4,445
3,637 3,835 -3,837
3,662 3,191 -3,206
3,687 2,525 -2,501
3,712 1,815 -1,796
3,737 1,082 -1,067
3,762 0,350 -0,338
3,787 -0,383 0,391
3,812 -1,115 1,120
3,837 -1,848 1,849
3,862 -2,558 2,553
3,887 -3,202 3,209
3,912 -3,846 3,866
3,937 -4,445 4,473
3,962 -5,000 5,056
3,987 -5,533 5,542
4,012 -5,955 6,028
4,037 -6,355 6,441
4,062 -6,688 6,757
4,087 -6,932 7,000
4,112 -7,154 7,195
4,137 -7,265 7,316
4,162 -7,354 7,389
4,187 -7,331 7,389
4,212 -7,243 7,292
4,237 -7,087 7,146
4,262 -6,865 6,927
4,287 -6,577 6,611
4,312 -6,244 6,247
4,337 -5,822 5,810
4,362 -5,333 5,348
4,387 -4,823 4,789
4,412 -4,246 4,230
4,437 -3,624 3,574
4,462 -2,958 2,918
4,487 -2,292 2,213
4,512 -1,582 1,508
4,537 -0,849 0,779
4,562 -0,116 0,050
4,587 0,616 -0,679
4,612 1,349 -1,383
4,637 2,059 -2,112
4,662 2,747 -2,793
4,687 3,413 -3,497
4,712 4,035 -4,105
4,737 4,634 -4,688
4,762 5,189 -5,223
4,787 5,678 -5,709
4,812 6,122 -6,146
4,837 6,477 -6,510
4,862 6,810 -6,826
4,887 7,054 -7,069
4,912 7,232 -7,215
4,937 7,298 -7,337
4,962 7,365 -7,337
4,987 7,321 -7,312
5,012 7,210 -7,215
5,037 6,988 -7,021
5,062 6,743 -6,729
5,087 6,410 -6,438
5,112 6,011 -6,024
5,137 5,567 -5,587
5,162 5,078 -5,077
5,187 4,501 -4,542
5,212 3,880 -3,910
5,237 3,258 -3,279
5,262 2,592 -2,598
5,287 1,882 -1,893
5,312 1,193 -1,189
5,337 0,439 -0,436
5,362 -0,294 0,293
5,387 -1,027 0,998
5,412 -1,737 1,727
5,437 -2,447 2,456
5,462 -3,113 3,137
5,487 -3,735 3,793
5,512 -4,357 4,425
5,537 -4,889 4,983
5,562 -5,422 5,494
5,587 -5,888 5,955
5,612 -6,288 6,393
5,637 -6,643 6,709
5,662 -6,887 7,000
5,687 -7,087 7,195
5,712 -7,243 7,340
5,737 -7,309 7,413
5,762 -7,309 7,389
5,787 -7,243 7,316
5,812 -7,087 7,146
5,837 -6,865 6,952
5,862 -6,599 6,660
5,887 -6,266 6,296
5,912 -5,844 5,907
5,937 -5,378 5,421
5,962 -4,889 4,886
5,987 -4,312 4,303
6,012 -3,691 3,695
6,037 -3,069 3,039
6,062 -2,381 2,359
6,087 -1,670 1,630
6,112 -0,916 0,901
6,137 -0,205 0,172
6,162 0,550 -0,557
6,187 1,260 -1,286
6,212 1,948 -1,991
6,237 2,636 -2,695
6,262 3,302 -3,351
6,287 3,946 -3,983
6,312 4,546 -4,566
6,337 5,078 -5,150
6,362 5,611 -5,636
6,387 6,033 -6,097
6,412 6,410 -6,462
6,437 6,743 -6,778
6,462 6,988 -7,021
6,487 7,165 -7,215
6,512 7,276 -7,337
6,537 7,321 -7,361
6,562 7,276 -7,288
6,587 7,187 -7,191
6,612 7,010 -7,045
6,637 6,743 -6,778
6,662 6,433 -6,438
6,687 6,055 -6,073
6,712 5,611 -5,611
6,737 5,101 -5,125
6,762 4,568 -4,591
6,787 3,968 -3,983
6,812 3,347 -3,351
6,837 2,681 -2,695
6,862 1,993 -1,991
6,887 1,260 -1,262
6,912 0,550 -0,533
6,937 -0,205 0,196
6,962 -0,916 0,950
6,987 -1,648 1,654
7,012 -2,314 2,335
7,037 -3,002 3,015
7,062 -3,624 3,695
7,087 -4,246 4,303
7,112 -4,823 4,886
7,137 -5,333 5,421
7,162 -5,800 5,907
7,187 -6,221 6,296
7,212 -6,554 6,684
7,237 -6,843 6,952
7,262 -7,043 7,195
7,287 -7,198 7,316
7,312 -7,243 7,413
7,337 -7,265 7,389
7,362 -7,220 7,340
7,387 -7,087 7,170
7,412 -6,865 6,976
7,437 -6,599 6,709
7,462 -6,266 6,368
7,487 -5,888 5,955
7,512 -5,422 5,469
7,537 -4,934 4,959
7,562 -4,334 4,425
7,587 -3,735 3,793
7,612 -3,113 3,137
7,637 -2,447 2,456
7,662 -1,737 1,751
7,687 -1,027 1,022
7,712 -0,294 0,318
7,737 0,439 -0,460
7,762 1,127 -1,165
7,787 1,837 -1,893
7,812 2,548 -2,574
7,837 3,214 -3,254
7,862 3,835 -3,886
7,887 4,457 -4,494
7,912 5,012 -5,028
7,937 5,522 -5,514
7,962 5,966 -5,952
7,987 6,344 -6,389
8,012 6,677 -6,705
8,037 6,921 -6,996
8,062 7,143 -7,167
8,087 7,254 -7,288
8,112 7,298 -7,312
8,137 7,254 -7,312
8,162 7,165 -7,191
8,187 6,988 -7,021
8,212 6,766 -6,778
8,237 6,433 -6,486
8,262 6,100 -6,097
8,287 5,633 -5,684
8,312 5,167 -5,174
8,337 4,612 -4,639
8,362 4,057 -4,056
8,387 3,391 -3,449
8,412 2,747 -2,744
8,437 2,081 -2,064
8,462 1,371 -1,359
8,487 0,638 -0,606
8,512 -0,050 0,123
8,537 -0,827 0,804
8,562 -1,515 1,533
8,587 -2,225 2,262
8,612 -2,891 2,966
8,637 -3,557 3,623
8,662 -4,157 4,230
8,687 -4,734 4,813
8,712 -5,245 5,372
8,737 -5,733 5,810
8,762 -6,133 6,271
8,787 -6,488 6,587
8,812 -6,754 6,879
8,837 -6,998 7,122
8,862 -7,132 7,292
8,887 -7,220 7,365
8,912 -7,220 7,389
8,937 -7,176 7,316
8,962 -7,065 7,219
8,987 -6,865 7,000
9,012 -6,577 6,733
9,037 -6,288 6,393
9,062 -5,888 6,004
9,087 -5,444 5,542
9,112 -4,934 5,032
9,137 -4,423 4,473
9,162 -3,824 3,890
9,187 -3,202 3,234
9,212 -2,514 2,553
9,237 -1,826 1,849
9,262 -1,093 1,144
9,287 -0,405 0,391
9,312 0,350 -0,314
9,337 1,038 -1,067
9,362 1,771 -1,772
9,387 2,459 -2,477
9,412 3,125 -3,157
9,437 3,746 -3,813
9,462 4,368 -4,396
9,487 4,923 -4,955
9,512 5,434 -5,466
9,537 5,878 -5,952
9,562 6,299 -6,340
9,587 6,632 -6,681
9,612 6,899 -6,948
9,637 7,099 -7,142
9,662 7,232 -7,239
9,687 7,276 -7,312
9,712 7,254 -7,288
9,737 7,165 -7,215
9,762 7,010 -7,021
9,787 6,743 -6,826
9,812 6,477 -6,510
9,837 6,100 -6,170
9,862 5,656 -5,733
9,887 5,189 -5,271
9,912 4,679 -4,712
9,937 4,079 -4,153
9,962 3,480 -3,497
9,987 2,792 -2,865
10,012 2,104 -2,185
10,037 1,415 -1,480
10,062 0,727 -0,751
10,087 -0,005 -0,047
10,112 -0,716 0,731
10,137 -1,426 1,436
10,162 -2,137 2,165
10,187 -2,825 2,821
10,212 -3,491 3,525
10,237 -4,090 4,133
10,262 -4,645 4,740
10,287 -5,178 5,251
10,312 -5,622 5,761
10,337 -6,044 6,174
10,362 -6,377 6,539
10,387 -6,710 6,830
10,412 -6,932 7,097
10,437 -7,109 7,243
10,462 -7,176 7,340
10,487 -7,243 7,340
10,512 -7,154 7,316
10,537 -7,043 7,195
10,562 -6,865 7,025
10,587 -6,621 6,757
10,612 -6,288 6,441
10,637 -5,933 6,028
10,662 -5,489 5,591
10,687 -5,000 5,129
10,712 -4,490 4,570
10,737 -3,913 3,987
10,762 -3,291 3,331
10,787 -2,647 2,651
10,812 -1,915 1,946
10,837 -1,204 1,241
10,862 -0,494 0,536
10,887 0,217 -0,217
10,912 0,927 -0,921
10,937 1,637 -1,651
10,962 2,348 -2,331
10,987 2,992 -3,036
11,012 3,635 -3,692
11,037 4,235 -4,299
11,062 4,790 -4,834
11,087 5,300 -5,368
11,112 5,744 -5,830
11,137 6,166 -6,243
11,162 6,544 -6,583
11,187 6,788 -6,875
11,212 7,032 -7,069
11,237 7,165 -7,215
11,262 7,232 -7,288
11,287 7,210 -7,312
11,312 7,143 -7,215
11,337 6,988 -7,069
11,362 6,788 -6,851
11,387 6,499 -6,583
11,412 6,144 -6,219
11,437 5,700 -5,806
11,462 5,234 -5,344
11,487 4,723 -4,809
11,512 4,168 -4,275
11,537 3,547 -3,643
11,562 2,903 -2,987
11,587 2,237 -2,307
11,612 1,549 -1,578
11,637 0,838 -0,897
11,662 0,106 -0,168
11,687 -0,605 0,585
11,712 -1,293 1,290
11,737 -2,026 1,994
11,762 -2,692 2,675
11,787 -3,358 3,380
11,812 -3,957 4,011
11,837 -4,556 4,595
11,862 -5,067 5,153
11,887 -5,578 5,615
11,912 -5,999 6,077
11,937 -6,355 6,466
11,962 -6,643 6,806
11,987 -6,865 7,025
12,012 -7,043 7,219
12,037 -7,154 7,340
12,062 -7,176 7,365
12,087 -7,154 7,316
12,112 -7,065 7,219
12,137 -6,910 7,025
12,162 -6,665 6,782
12,187 -6,355 6,490
12,212 -5,977 6,125
12,237 -5,533 5,664
12,262 -5,045 5,202
12,287 -4,534 4,643
12,312 -3,957 4,060
12,337 -3,335 3,428
12,362 -2,669 2,772
12,387 -2,003 2,043
12,412 -1,315 1,363
12,437 -0,583 0,634
12,462 0,128 -0,071
12,487 0,860 -0,800
12,512 1,549 -1,529
12,537 2,237 -2,234
12,562 2,903 -2,890
12,587 3,547 -3,570
12,612 4,190 -4,178
12,637 4,723 -4,785
12,662 5,234 -5,295
12,687 5,722 -5,781
12,712 6,122 -6,170
12,737 6,477 -6,535
12,762 6,766 -6,802
12,787 6,965 -7,045
12,812 7,143 -7,167
12,837 7,210 -7,288
12,862 7,232 -7,288
12,887 7,143 -7,239
12,912 6,988 -7,069
12,937 6,788 -6,875
12,962 6,521 -6,608
12,987 6,166 -6,268
13,012 5,789 -5,854
13,037 5,300 -5,393
13,062 4,812 -4,882
13,087 4,213 -4,324
13,112 3,613 -3,716
13,137 2,992 -3,084
13,162 2,326 -2,380
13,187 1,615 -1,699
13,212 0,927 -0,994
13,237 0,217 -0,290
13,262 -0,494 0,464
13,287 -1,226 1,168
13,312 -1,915 1,897
13,337 -2,625 2,578
13,362 -3,247 3,258
13,387 -3,868 3,890
13,412 -4,445 4,497
13,437 -4,978 5,032
13,462 -5,444 5,567
13,487 -5,911 6,004
13,512 -6,266 6,417
13,537 -6,577 6,709
13,562 -6,821 6,976
13,587 -6,998 7,170
13,612 -7,109 7,292
13,637 -7,176 7,340
13,662 -7,132 7,316
13,687 -7,043 7,219
13,712 -6,865 7,049
13,737 -6,621 6,806
13,762 -6,332 6,539
13,787 -5,999 6,174
13,812 -5,555 5,761
13,837 -5,089 5,251
13,862 -4,579 4,765
13,887 -4,024 4,157
13,912 -3,402 3,550
13,937 -2,758 2,845
13,962 -2,070 2,213
13,987 -1,382 1,460
14,012 -0,671 0,755
14,037 0,061 0,026
14,062 0,772 -0,703
14,087 1,460 -1,407
14,112 2,148 -2,112
14,137 2,836 -2,817
14,162 3,480 -3,424
14,187 4,079 -4,080
14,212 4,657 -4,664
14,237 5,167 -5,223
14,262 5,656 -5,660
14,287 6,077 -6,097
14,312 6,433 -6,413
14,337 6,721 -6,753
14,362 6,943 -6,996
14,387 7,099 -7,191
14,412 7,187 -7,264
14,437 7,187 -7,288
14,462 7,143 -7,191
14,487 6,988 -7,118
14,512 6,788 -6,899
14,537 6,499 -6,632
14,562 6,211 -6,292
14,587 5,789 -5,927
14,612 5,323 -5,441
14,637 4,834 -4,955
14,662 4,279 -4,372
14,687 3,680 -3,813
14,712 3,058 -3,181
14,737 2,392 -2,501
14,762 1,704 -1,796
14,787 0,994 -1,116
14,812 0,283 -0,387
14,837 -0,449 0,342
14,862 -1,138 1,071
14,887 -1,848 1,776
14,912 -2,514 2,480
14,937 -3,202 3,137
14,962 -3,802 3,793
14,987 -4,379 4,376
15,012 -4,912 4,959
15,037 -5,422 5,469
15,062 -5,844 5,955
15,087 -6,221 6,320
15,112 -6,554 6,660
15,137 -6,799 6,903
15,162 -6,954 7,122
15,187 -7,109 7,268
15,212 -7,132 7,316
15,237 -7,132 7,292
15,262 -7,021 7,219
15,287 -6,865 7,049
15,312 -6,643 6,854
15,337 -6,377 6,563
15,362 -5,999 6,223
15,387 -5,622 5,785
15,412 -5,111 5,348
15,437 -4,623 4,789
15,462 -4,068 4,230
15,487 -3,491 3,574
15,512 -2,825 2,942
15,537 -2,159 2,262
15,562 -1,448 1,581
15,587 -0,760 0,852
15,612 -0,028 0,172
15,637 0,683 -0,606
15,662 1,393 -1,310
15,687 2,059 -2,015
15,712 2,770 -2,695
15,737 3,391 -3,376
15,762 3,991 -3,983
15,787 4,568 -4,591
15,812 5,123 -5,125
15,837 5,567 -5,587
15,862 5,989 -6,000
15,887 6,366 -6,413
15,912 6,677 -6,705
15,937 6,899 -6,972
15,962 7,054 -7,118
15,987 7,121 -7,215
16,012 7,187 -7,239
16,037 7,099 -7,215
16,062 6,988 -7,069
16,087 6,788 -6,924
16,112 6,544 -6,632
16,137 6,211 -6,340
16,162 5,833 -5,952
16,187 5,367 -5,514
16,212 4,879 -5,004
16,237 4,324 -4,469
16,262 3,769 -3,886
16,287 3,103 -3,254
16,312 2,459 -2,574
16,337 1,771 -1,918
16,362 1,082 -1,213
16,387 0,350 -0,508
16,412 -0,338 0,245
16,437 -1,071 0,950
16,462 -1,781 1,679
16,487 -2,447 2,359
16,512 -3,091 3,064
16,537 -3,735 3,695
16,562 -4,312 4,327
16,587 -4,867 4,862
16,612 -5,311 5,396
16,637 -5,777 5,858
16,662 -6,155 6,271
16,687 -6,510 6,587
16,712 -6,754 6,879
16,737 -6,976 7,097
16,762 -7,087 7,219
16,787 -7,154 7,268
16,812 -7,087 7,292
16,837 -7,065 7,219
16,862 -6,887 7,073
16,887 -6,665 6,854
16,912 -6,399 6,611
16,937 -6,022 6,223
16,962 -5,622 5,834
16,987 -5,200 5,372
17,012 -4,667 4,862
17,037 -4,135 4,279
17,062 -3,535 3,695
17,087 -2,914 3,015
17,112 -2,225 2,383
17,137 -1,537 1,654
17,162 -0,849 0,974
17,187 -0,139 0,245
17,212 0,594 -0,484
17,237 1,282 -1,189
17,262 1,970 -1,893
17,287 2,636 -2,623
17,312 3,302 -3,230
17,337 3,924 -3,886
17,362 4,501 -4,445
17,387 5,012 -5,004
17,412 5,522 -5,514
17,437 5,944 -5,976
17,462 6,322 -6,316
17,487 6,610 -6,656
17,512 6,854 -6,875
17,537 7,032 -7,069
17,562 7,143 -7,167
17,587 7,143 -7,215
17,612 7,143 -7,167
17,637 7,010 -7,094
17,662 6,810 -6,899
17,687 6,544 -6,681
17,712 6,255 -6,365
17,737 5,855 -6,024
17,762 5,434 -5,563
17,787 4,923 -5,077
17,812 4,390 -4,542
17,837 3,791 -3,959
17,862 3,191 -3,327
17,887 2,525 -2,671
17,912 1,859 -1,991
17,937 1,149 -1,310
17,962 0,461 -0,557
17,987 -0,272 0,123
18,012 -0,960 0,852
18,037 -1,693 1,533
18,062 -2,336 2,262
18,087 -3,002 2,918
18,112 -3,624 3,598
18,137 -4,246 4,181
18,162 -4,756 4,765
18,187 -5,267 5,251
18,212 -5,711 5,761
18,237 -6,088 6,174
18,262 -6,399 6,514
18,287 -6,688 6,782
18,312 -6,865 7,025
18,337 -7,021 7,170
18,362 -7,087 7,292
18,387 -7,087 7,268
18,412 -6,998 7,219
18,437 -6,887 7,073
18,462 -6,665 6,879
18,487 -6,399 6,587
18,512 -6,066 6,296
18,537 -5,689 5,882
18,562 -5,222 5,445
18,587 -4,734 4,935
18,612 -4,157 4,400
18,637 -3,580 3,768
18,662 -2,936 3,161
18,687 -2,314 2,480
18,712 -1,604 1,800
18,737 -0,916 1,047
18,762 -0,205 0,342
18,787 0,527 -0,387
18,812 1,238 -1,092
18,837 1,904 -1,796
18,862 2,592 -2,477
18,887 3,236 -3,133
18,912 3,857 -3,740
18,937 4,412 -4,324
18,962 4,967 -4,882
18,987 5,434 -5,417
19,012 5,878 -5,830
19,037 6,233 -6,243
19,062 6,610 -6,559
19,087 6,832 -6,826
19,112 7,010 -6,996
19,137 7,099 -7,142
19,162 7,165 -7,191
19,187 7,099 -7,191
19,212 6,988 -7,069
19,237 6,810 -6,924
19,262 6,588 -6,681
19,287 6,255 -6,413
19,312 5,900 -6,024
19,337 5,456 -5,611
19,362 4,990 -5,150
19,387 4,435 -4,615
19,412 3,880 -4,008
19,437 3,258 -3,424
19,462 2,614 -2,768
19,487 1,926 -2,112
19,512 1,260 -1,432
19,537 0,550 -0,703
19,562 -0,161 0,002
19,587 -0,871 0,731
19,612 -1,559 1,460
19,637 -2,270 2,140
19,662 -2,914 2,845
19,687 -3,535 3,477
19,712 -4,135 4,084
19,737 -4,690 4,643
19,762 -5,178 5,202
19,787 -5,644 5,664
19,812 -6,044 6,077
19,837 -6,377 6,441
19,862 -6,643 6,757
19,887 -6,865 6,976
19,912 -6,998 7,146
19,937 -7,087 7,219
19,962 -7,065 7,243
19,987 -7,021 7,170
20,012 -6,865 7,073
20,037 -6,688 6,879
20,062 -6,443 6,636
20,087 -6,110 6,320
20,112 -5,711 5,931
20,137 -5,289 5,469
20,162 -4,756 5,008
20,187 -4,223 4,425
20,212 -3,646 3,866
20,237 -3,047 3,185
20,262 -2,381 2,553
20,287 -1,715 1,849
20,312 -1,027 1,193
20,337 -0,316 0,439
20,362 0,416 -0,241
20,387 1,127 -0,970
20,412 1,815 -1,675
20,437 2,481 -2,380
20,462 3,125 -3,011
20,487 3,746 -3,643
20,512 4,346 -4,226
20,537 4,879 -4,785
20,562 5,367 -5,295
20,587 5,811 -5,781
20,612 6,211 -6,146
20,637 6,499 -6,486
20,662 6,766 -6,753
20,687 6,943 -6,972
20,712 7,076 -7,094
20,737 7,121 -7,167
20,762 7,099 -7,142
20,787 6,988 -7,069
20,812 6,810 -6,924
20,837 6,588 -6,729
20,862 6,299 -6,413
20,887 5,922 -6,073
20,912 5,522 -5,611
20,937 5,012 -5,174
20,962 4,501 -4,664
20,987 3,946 -4,129
21,012 3,325 -3,497
21,037 2,681 -2,890
21,062 2,037 -2,185
21,087 1,304 -1,505
21,112 0,638 -0,776
21,137 -0,094 -0,095
21,162 -0,760 0,634
21,187 -1,471 1,338
21,212 -2,181 2,067
21,237 -2,869 2,699
21,262 -3,469 3,380
21,287 -4,068 3,987
21,312 -4,601 4,595
21,337 -5,156 5,105
21,362 -5,555 5,591
21,387 -5,999 6,004
21,412 -6,288 6,393
21,437 -6,621 6,660
21,462 -6,821 6,927
21,487 -6,976 7,073
21,512 -7,043 7,195
21,537 -7,065 7,219
21,562 -7,021 7,195
21,587 -6,932 7,049
21,612 -6,710 6,903
21,637 -6,466 6,636
21,662 -6,110 6,344
21,687 -5,755 5,955
21,712 -5,289 5,542
21,737 -4,845 5,032
21,762 -4,312 4,522
21,787 -3,713 3,938
21,812 -3,091 3,307
21,837 -2,447 2,651
21,862 -1,737 1,970
21,887 -1,115 1,265
21,912 -0,361 0,585
21,937 0,328 -0,168
21,962 1,038 -0,873
21,987 1,748 -1,578
22,012 2,414 -2,258
22,037 3,058 -2,914
22,062 3,724 -3,570
22,087 4,257 -4,178
22,112 4,834 -4,712
22,137 5,278 -5,247
22,162 5,767 -5,684
22,187 6,144 -6,122
22,212 6,499 -6,413
22,237 6,721 -6,729
22,262 6,921 -6,924
22,287 7,054 -7,069
22,312 7,143 -7,118
22,337 7,099 -7,142
22,362 7,032 -7,045
22,387 6,854 -6,924
22,412 6,632 -6,705
22,437 6,322 -6,438
22,462 5,966 -6,097
22,487 5,545 -5,709
22,512 5,078 -5,223
22,537 4,568 -4,737
22,562 4,013 -4,178
22,587 3,391 -3,570
22,612 2,770 -2,938
22,637 2,081 -2,282
22,662 1,438 -1,602
22,687 0,705 -0,897
22,712 0,017 -0,168
22,737 -0,694 0,536
22,762 -1,382 1,217
22,787 -2,092 1,897
22,812 -2,736 2,626
22,837 -3,402 3,258
22,862 -3,979 3,914
22,887 -4,556 4,449
22,912 -5,023 5,008
22,937 -5,511 5,469
22,962 -5,911 5,931
22,987 -6,288 6,320
23,012 -6,554 6,611
23,037 -6,799 6,854
23,062 -6,954 7,049
23,087 -7,043 7,146
23,112 -7,043 7,195
23,137 -7,021 7,146
23,162 -6,887 7,073
23,187 -6,732 6,879
23,212 -6,466 6,684
23,237 -6,199 6,368
23,262 -5,777 6,004
23,287 -5,378 5,591
23,312 -4,867 5,105
23,337 -4,401 4,570
23,362 -3,802 4,011
23,387 -3,180 3,380
23,412 -2,536 2,748
23,437 -1,870 2,043
23,462 -1,160 1,363
23,487 -0,472 0,658
23,512 0,239 -0,022
23,537 0,927 -0,751
23,562 1,637 -1,432
23,587 2,303 -2,161
23,612 2,969 -2,817
23,637 3,591 -3,473
23,662 4,213 -4,032
23,687 4,745 -4,615
23,712 5,256 -5,125
23,737 5,700 -5,611
23,762 6,100 -5,976
23,787 6,410 -6,340
23,812 6,699 -6,632
23,837 6,877 -6,875
23,862 7,032 -6,996
23,887 7,076 -7,094
23,912 7,099 -7,094
23,937 6,988 -7,045
23,962 6,854 -6,899
23,987 6,632 -6,729
24,012 6,366 -6,413
24,037 6,011 -6,146
24,062 5,611 -5,733
24,087 5,145 -5,295
24,112 4,634 -4,761
24,137 4,035 -4,226
24,162 3,458 -3,643
24,187 2,836 -3,011
24,212 2,192 -2,355
24,237 1,482 -1,699
24,262 0,794 -0,970
24,287 0,083 -0,290
24,312 -0,605 0,439
24,337 -1,315 1,144
24,362 -2,003 1,824
24,387 -2,692 2,480
24,412 -3,291 3,137
24,437 -3,913 3,768
24,462 -4,468 4,376
24,487 -5,000 4,910
24,512 -5,444 5,421
24,537 -5,888 5,834
24,562 -6,221 6,223
24,587 -6,510 6,539
24,612 -6,732 6,806
24,637 -6,910 6,976
24,662 -6,998 7,122
24,687 -7,065 7,146
24,712 -7,021 7,122
24,737 -6,910 7,025
24,762 -6,732 6,879
24,787 -6,510 6,636
24,812 -6,199 6,368
24,837 -5,844 6,028
24,862 -5,422 5,615
24,887 -4,956 5,129
24,912 -4,379 4,619
24,937 -3,846 4,060
24,962 -3,247 3,452
24,987 -2,625 2,821
25,012 -1,915 2,140
25,037 -1,271 1,436
25,062 -0,538 0,755
25,087 0,128 0,026
25,112 0,860 -0,654
25,137 1,526 -1,359
25,162 2,215 -2,039
25,187 2,881 -2,720
25,212 3,524 -3,351
25,237 4,124 -3,959
25,262 4,679 -4,494
25,287 5,167 -5,028
25,312 5,656 -5,490
25,337 6,033 -5,927
25,362 6,388 -6,268
25,387 6,655 -6,583
25,412 6,877 -6,802
25,437 7,010 -6,972
25,462 7,076 -7,045
25,487 7,076 -7,069
25,512 7,010 -6,996
25,537 6,854 -6,899
25,562 6,655 -6,681
25,587 6,366 -6,462
25,612 6,055 -6,146
25,637 5,633 -5,781
25,662 5,189 -5,295
25,687 4,657 -4,834
25,712 4,146 -4,299
25,737 3,547 -3,740
25,762 2,925 -3,108
25,787 2,237 -2,452
25,812 1,593 -1,772
25,837 0,905 -1,092
25,862 0,194 -0,363
25,887 -0,516 0,318
25,912 -1,204 1,047
25,937 -1,915 1,703
25,962 -2,558 2,408
25,987 -3,224 3,039
26,012 -3,824 3,695
26,037 -4,401 4,254
26,062 -4,889 4,838
26,087 -5,378 5,299
26,112 -5,800 5,737
26,137 -6,177 6,101
26,162 -6,488 6,466
26,187 -6,732 6,733
26,212 -6,887 6,927
26,237 -6,998 7,025
26,262 -7,021 7,122
26,287 -6,998 7,097
26,312 -6,910 7,049
26,337 -6,754 6,879
26,362 -6,510 6,684
26,387 -6,244 6,368
26,412 -5,888 6,053
26,437 -5,467 5,615
26,462 -4,978 5,178
26,487 -4,490 4,643
26,512 -3,913 4,133
26,537 -3,313 3,525
26,562 -2,669 2,894
26,587 -2,026 2,189
26,612 -1,337 1,533
26,637 -0,671 0,852
26,662 0,061 0,172
26,687 0,749 -0,581
26,712 1,460 -1,237
26,737 2,126 -1,918
26,762 2,792 -2,598
26,787 3,413 -3,254
26,812 4,013 -3,837
26,837 4,568 -4,421
26,862 5,123 -4,931
26,887 5,567 -5,441
26,912 5,966 -5,830
26,937 6,322 -6,219
26,962 6,610 -6,510
26,987 6,854 -6,753
27,012 6,988 -6,899
27,037 7,076 -6,996
27,062 7,076 -7,045
27,087 6,988 -7,021
27,112 6,877 -6,899
27,137 6,677 -6,729
27,162 6,410 -6,462
27,187 6,055 -6,170
27,212 5,678 -5,781
27,237 5,212 -5,393
27,262 4,745 -4,882
27,287 4,190 -4,348
27,312 3,635 -3,740
27,337 2,992 -3,181
27,362 2,348 -2,501
27,387 1,660 -1,845
27,412 0,994 -1,140
27,437 0,283 -0,484
27,462 -0,405 0,245
27,487 -1,138 0,925
27,512 -1,826 1,630
27,537 -2,514 2,310
27,562 -3,136 2,966
27,587 -3,757 3,574
27,612 -4,312 4,181
27,637 -4,845 4,716
27,662 -5,333 5,226
27,687 -5,777 5,664
27,712 -6,133 6,077
27,737 -6,443 6,393
27,762 -6,665 6,684
27,787 -6,865 6,879
27,812 -6,976 7,049
27,837 -7,043 7,073
27,862 -6,998 7,097
27,887 -6,932 7,000
27,912 -6,754 6,879
27,937 -6,554 6,660
27,962 -6,244 6,417
27,987 -5,933 6,077
28,012 -5,511 5,688
28,037 -5,045 5,226
28,062 -4,556 4,740
28,087 -4,024 4,181
28,112 -3,380 3,574
28,137 -2,803 2,942
28,162 -2,137 2,310
28,187 -1,471 1,606
28,212 -0,738 0,974
28,237 -0,072 0,269
28,262 0,661 -0,436
28,287 1,327 -1,140
28,312 2,037 -1,796
28,337 2,681 -2,501
28,362 3,325 -3,133
28,387 3,924 -3,740
28,412 4,501 -4,299
28,437 4,990 -4,858
28,462 5,456 -5,320
28,487 5,878 -5,757
28,512 6,255 -6,122
28,537 6,566 -6,438
28,562 6,788 -6,656
28,587 6,921 -6,851
28,612 7,054 -6,948
28,637 7,032 -6,996
28,662 7,010 -6,972
28,687 6,899 -6,899
28,712 6,721 -6,705
28,737 6,433 -6,486
28,762 6,144 -6,170
28,787 5,744 -5,830
28,812 5,323 -5,417
28,837 4,812 -4,955
28,862 4,301 -4,421
28,887 3,680 -3,862
28,912 3,080 -3,279
28,937 2,459 -2,671
28,962 1,793 -1,966
28,987 1,082 -1,286
29,012 0,394 -0,606
29,037 -0,316 0,075
29,062 -0,982 0,804
29,087 -1,693 1,484
29,112 -2,381 2,165
29,137 -3,025 2,796
29,162 -3,624 3,477
29,187 -4,223 4,060
29,212 -4,734 4,619
29,237 -5,245 5,105
29,262 -5,689 5,567
29,287 -6,066 5,931
29,312 -6,355 6,320
29,337 -6,643 6,563
29,362 -6,821 6,806
29,387 -6,954 6,952
29,412 -6,998 7,049
29,437 -7,021 7,025
29,462 -6,887 7,000
29,487 -6,776 6,879
29,512 -6,577 6,684
29,537 -6,332 6,417
29,562 -5,955 6,101
29,587 -5,600 5,688
29,612 -5,111 5,275
29,637 -4,645 4,789
29,662 -4,090 4,279
29,687 -3,491 3,647
29,712 -2,869 3,039
29,737 -2,248 2,408
29,762 -1,515 1,727
29,787 -0,849 1,022
29,812 -0,139 0,342
29,837 0,550 -0,363
29,862 1,282 -1,043
29,887 1,926 -1,748
29,912 2,592 -2,380
29,937 3,236 -3,060
29,962 3,835 -3,619
29,987 4,412 -4,226
30,012 4,945 -4,761
30,037 5,389 -5,247
30,062 5,833 -5,660
30,087 6,188 -6,073
30,112 6,499 -6,365
30,137 6,721 -6,632
30,162 6,899 -6,802
30,187 7,010 -6,924
30,212 7,054 -6,948
30,237 7,010 -6,948
30,262 6,899 -6,851
30,287 6,721 -6,729
30,312 6,499 -6,486
30,337 6,166 -6,195
30,362 5,811 -5,830
30,387 5,345 -5,466
30,412 4,879 -4,980
30,437 4,346 -4,494
30,462 3,813 -3,935
30,487 3,169 -3,351
30,512 2,548 -2,695
30,537 1,859 -2,064
30,562 1,171 -1,359
30,587 0,483 -0,679
30,612 -0,205 0,050
30,637 -0,916 0,682
30,662 -1,626 1,411
30,687 -2,292 2,067
30,712 -2,914 2,748
30,737 -3,535 3,355
30,762 -4,112 3,963
30,787 -4,690 4,497
30,812 -5,178 5,032
30,837 -5,622 5,469
30,862 -5,999 5,907
30,887 -6,332 6,247
30,912 -6,577 6,539
30,937 -6,821 6,733
30,962 -6,954 6,903
30,987 -6,998 6,976
31,012 -6,976 7,025
31,037 -6,932 6,976
31,062 -6,799 6,854
31,087 -6,621 6,684
31,112 -6,355 6,441
31,137 -6,022 6,101
31,162 -5,600 5,737
31,187 -5,178 5,299
31,212 -4,690 4,838
31,237 -4,157 4,303
31,262 -3,557 3,744
31,287 -2,958 3,112
31,312 -2,314 2,480
31,337 -1,626 1,800
31,362 -0,938 1,120
31,387 -0,272 0,439
31,412 0,461 -0,241
31,437 1,127 -0,970
31,462 1,837 -1,602
31,487 2,503 -2,307
31,512 3,147 -2,938
31,537 3,746 -3,546
31,562 4,324 -4,129
31,587 4,834 -4,688
31,612 5,345 -5,150
31,637 5,767 -5,587
31,662 6,144 -5,952
31,687 6,455 -6,292
31,712 6,721 -6,535
31,737 6,877 -6,753
31,762 7,032 -6,875
31,787 7,032 -6,948
31,812 7,010 -6,924
31,837 6,899 -6,875
31,862 6,766 -6,705
31,887 6,499 -6,510
31,912 6,211 -6,195
31,937 5,833 -5,879
31,962 5,411 -5,490
31,987 4,945 -5,053
32,012 4,457 -4,518
32,037 3,857 -3,983
32,062 3,280 -3,376
32,087 2,614 -2,768
32,112 1,970 -2,112
32,137 1,260 -1,432
32,162 0,616 -0,751
32,187 -0,116 -0,095
32,212 -0,805 0,609
32,237 -1,493 1,290
32,262 -2,181 1,970
32,287 -2,847 2,626
