Pendel 1 in Ruhe
Pendel 2 ausgelenkt0,025 3,924 4,503
0,050 4,412 5,111
0,075 4,101 4,722
0,100 3,458 4,041
0,125 2,814 3,312
0,150 2,103 2,437
0,175 1,371 1,611
0,200 0,572 0,736
0,225 -0,183 -0,114
0,250 -0,960 -1,013
0,284 -1,915 -2,082
0,309 -2,692 -3,006
0,334 -3,380 -3,783
0,359 -4,068 -4,561
0,384 -4,690 -5,290
0,409 -5,289 -5,970
0,434 -5,844 -6,578
0,459 -6,310 -7,137
0,484 -6,732 -7,598
0,509 -7,132 -8,036
0,534 -7,398 -8,376
0,559 -7,642 -8,643
0,584 -7,776 -8,789
0,609 -7,909 -8,886
0,634 -7,909 -8,886
0,659 -7,864 -8,862
0,684 -7,731 -8,668
0,709 -7,576 -8,449
0,734 -7,309 -8,133
0,759 -6,999 -7,720
0,784 -6,599 -7,258
0,809 -6,155 -6,772
0,834 -5,622 -6,116
0,859 -5,089 -5,484
0,884 -4,490 -4,755
0,909 -3,846 -4,002
0,934 -3,114 -3,224
0,959 -2,425 -2,398
0,984 -1,671 -1,523
1,009 -0,916 -0,697
1,034 -0,139 0,178
1,059 0,616 1,052
1,084 1,371 1,927
1,109 2,126 2,705
1,134 2,880 3,531
1,159 3,569 4,309
1,184 4,235 5,062
1,209 4,834 5,742
1,234 5,456 6,374
1,259 5,966 6,933
1,284 6,477 7,468
1,309 6,899 7,832
1,334 7,298 8,221
1,359 7,565 8,488
1,384 7,809 8,707
1,409 7,964 8,780
1,434 8,053 8,853
1,459 8,053 8,780
1,484 7,986 8,658
1,509 7,831 8,440
1,534 7,631 8,148
1,559 7,343 7,759
1,584 7,010 7,346
1,609 6,566 6,811
1,634 6,099 6,253
1,659 5,522 5,596
1,684 4,923 4,965
1,709 4,346 4,211
1,734 3,657 3,482
1,759 2,925 2,608
1,784 2,237 1,781
1,809 1,415 0,931
1,834 0,638 0,105
1,859 -0,139 -0,746
1,884 -0,871 -1,572
1,909 -1,671 -2,398
1,934 -2,425 -3,200
1,959 -3,202 -3,953
1,984 -3,891 -4,658
2,009 -4,557 -5,387
2,034 -5,156 -6,019
2,059 -5,755 -6,602
2,084 -6,266 -7,088
2,109 -6,754 -7,525
2,134 -7,154 -7,890
2,159 -7,509 -8,206
2,184 -7,798 -8,400
2,209 -8,020 -8,570
2,234 -8,109 -8,619
2,259 -8,197 -8,619
2,284 -8,131 -8,473
2,309 -8,042 -8,352
2,334 -7,864 -8,084
2,359 -7,642 -7,768
2,384 -7,309 -7,355
2,409 -6,954 -6,869
2,434 -6,466 -6,359
2,459 -6,000 -5,800
2,484 -5,400 -5,120
2,509 -4,801 -4,464
2,534 -4,157 -3,710
2,559 -3,491 -2,957
2,584 -2,714 -2,131
2,609 -1,937 -1,353
2,634 -1,160 -0,503
2,659 -0,361 0,275
2,684 0,438 1,125
2,709 1,260 1,903
2,734 2,059 2,705
2,759 2,792 3,482
2,784 3,569 4,260
2,809 4,279 4,892
2,834 4,967 5,572
2,859 5,589 6,131
2,884 6,188 6,690
2,909 6,677 7,176
2,934 7,143 7,565
2,959 7,520 7,881
2,984 7,853 8,172
3,009 8,097 8,318
3,035 8,297 8,415
3,060 8,386 8,440
3,085 8,364 8,391
3,110 8,319 8,269
3,135 8,164 8,075
3,160 7,986 7,783
3,185 7,653 7,443
3,210 7,254 7,030
3,235 6,832 6,520
3,260 6,299 5,985
3,285 5,766 5,353
3,310 5,145 4,722
3,335 4,479 4,017
3,360 3,746 3,312
3,385 2,991 2,559
3,410 2,214 1,757
3,435 1,415 0,955
3,460 0,638 0,178
3,485 -0,183 -0,649
3,510 -1,005 -1,402
3,535 -1,826 -2,204
3,560 -2,603 -2,933
3,585 -3,424 -3,686
3,610 -4,157 -4,366
3,635 -4,823 -5,047
3,660 -5,467 -5,630
3,685 -6,066 -6,213
3,710 -6,599 -6,699
3,735 -7,110 -7,112
3,760 -7,487 -7,453
3,785 -7,842 -7,793
3,810 -8,109 -7,987
3,835 -8,308 -8,157
3,860 -8,397 -8,255
3,885 -8,464 -8,230
3,910 -8,397 -8,157
3,935 -8,308 -8,036
3,960 -8,109 -7,793
3,985 -7,842 -7,525
4,010 -7,465 -7,137
4,035 -7,065 -6,748
4,060 -6,599 -6,262
4,085 -6,044 -5,727
4,110 -5,445 -5,120
4,135 -4,779 -4,488
4,160 -4,113 -3,783
4,185 -3,358 -3,079
4,210 -2,581 -2,325
4,235 -1,804 -1,572
4,260 -0,960 -0,794
4,285 -0,117 0,007
4,310 0,727 0,785
4,335 1,526 1,563
4,360 2,325 2,316
4,385 3,102 3,069
4,410 3,879 3,823
4,435 4,590 4,503
4,460 5,278 5,159
4,485 5,922 5,718
4,510 6,499 6,277
4,535 6,987 6,739
4,560 7,409 7,176
4,585 7,809 7,492
4,610 8,097 7,783
4,635 8,319 8,002
4,660 8,475 8,172
4,685 8,541 8,221
4,710 8,519 8,245
4,735 8,408 8,148
4,760 8,208 8,002
4,785 7,964 7,735
4,810 7,609 7,419
4,835 7,209 7,079
4,860 6,721 6,690
4,885 6,188 6,155
4,910 5,633 5,596
4,935 4,945 4,965
4,960 4,257 4,333
4,985 3,524 3,628
5,010 2,792 2,899
5,035 1,948 2,146
5,060 1,149 1,368
5,085 0,327 0,615
5,110 -0,494 -0,187
5,135 -1,315 -0,964
5,160 -2,115 -1,766
5,185 -2,914 -2,544
5,210 -3,669 -3,297
5,235 -4,379 -4,002
5,260 -5,023 -4,682
5,285 -5,689 -5,290
5,310 -6,244 -5,873
5,335 -6,777 -6,408
5,360 -7,221 -6,845
5,385 -7,576 -7,282
5,410 -7,864 -7,623
5,435 -8,131 -7,914
5,460 -8,264 -8,084
5,485 -8,375 -8,230
5,510 -8,353 -8,279
5,535 -8,286 -8,303
5,560 -8,109 -8,157
5,585 -7,887 -7,987
5,610 -7,576 -7,696
5,635 -7,243 -7,404
5,660 -6,777 -7,015
5,685 -6,288 -6,578
5,710 -5,711 -6,067
5,735 -5,134 -5,460
5,760 -4,468 -4,828
5,785 -3,757 -4,196
5,810 -3,003 -3,443
5,835 -2,248 -2,738
5,860 -1,426 -1,936
5,885 -0,649 -1,183
5,910 0,172 -0,333
5,935 0,949 0,469
5,960 1,770 1,247
5,985 2,547 2,049
6,010 3,280 2,851
6,035 4,013 3,580
6,060 4,701 4,333
6,085 5,345 4,989
6,110 5,922 5,645
6,135 6,477 6,180
6,160 6,943 6,739
6,185 7,320 7,200
6,210 7,676 7,613
6,235 7,920 7,954
6,260 8,120 8,221
6,285 8,208 8,367
6,310 8,275 8,464
6,335 8,186 8,488
6,360 8,097 8,440
6,385 7,875 8,318
6,410 7,631 8,124
6,435 7,276 7,808
6,460 6,876 7,468
6,485 6,410 7,006
6,510 5,877 6,520
6,535 5,256 5,937
6,560 4,634 5,402
6,585 3,946 4,722
6,610 3,258 3,993
6,635 2,503 3,215
6,660 1,748 2,462
6,685 0,949 1,660
6,710 0,172 0,834
6,735 -0,627 -0,017
6,760 -1,360 -0,819
6,785 -2,181 -1,645
6,810 -2,892 -2,447
6,835 -3,624 -3,249
6,860 -4,268 -3,978
6,885 -4,934 -4,707
6,910 -5,489 -5,411
6,935 -6,044 -6,019
6,960 -6,510 -6,553
6,985 -6,954 -7,064
7,010 -7,287 -7,501
7,035 -7,576 -7,914
7,060 -7,776 -8,157
7,085 -7,953 -8,400
7,110 -7,998 -8,522
7,135 -7,998 -8,619
7,160 -7,887 -8,570
7,185 -7,753 -8,497
7,210 -7,531 -8,303
7,235 -7,265 -8,109
7,260 -6,865 -7,744
7,285 -6,466 -7,331
7,310 -6,000 -6,845
7,335 -5,489 -6,335
7,360 -4,890 -5,727
7,385 -4,268 -5,071
7,410 -3,580 -4,342
7,435 -2,936 -3,613
7,460 -2,137 -2,811
7,485 -1,449 -2,009
7,510 -0,672 -1,183
7,535 0,083 -0,381
7,560 0,860 0,493
7,585 1,593 1,295
7,610 2,348 2,170
7,635 3,058 2,948
7,660 3,746 3,750
7,685 4,390 4,527
7,710 4,989 5,256
7,735 5,589 5,888
7,760 6,099 6,520
7,785 6,566 7,030
7,810 6,943 7,540
7,835 7,276 7,929
7,860 7,542 8,245
7,885 7,720 8,488
7,910 7,831 8,707
7,935 7,875 8,804
7,960 7,898 8,804
7,985 7,764 8,707
8,010 7,609 8,585
8,035 7,343 8,318
8,060 7,076 8,027
8,085 6,677 7,613
8,110 6,277 7,152
8,135 5,766 6,617
8,160 5,256 6,034
8,185 4,634 5,378
8,210 4,013 4,673
8,235 3,324 3,920
8,260 2,636 3,166
8,285 1,926 2,316
8,310 1,193 1,514
8,335 0,438 0,639
8,360 -0,316 -0,211
8,385 -1,093 -1,086
8,410 -1,804 -1,912
8,435 -2,559 -2,738
8,460 -3,225 -3,516
8,485 -3,913 -4,318
8,510 -4,534 -5,023
8,535 -5,112 -5,727
8,560 -5,667 -6,335
8,585 -6,133 -6,918
8,610 -6,555 -7,380
8,635 -6,932 -7,817
8,660 -7,221 -8,157
8,685 -7,487 -8,449
8,710 -7,642 -8,619
8,735 -7,776 -8,716
8,760 -7,776 -8,765
8,785 -7,776 -8,740
8,810 -7,642 -8,570
8,835 -7,487 -8,352
8,860 -7,221 -8,060
8,885 -6,932 -7,696
8,910 -6,532 -7,258
8,935 -6,133 -6,724
8,960 -5,622 -6,140
8,985 -5,089 -5,509
9,010 -4,490 -4,828
9,035 -3,868 -4,123
9,060 -3,202 -3,370
9,085 -2,514 -2,544
9,110 -1,782 -1,694
9,135 -1,049 -0,892
9,160 -0,316 -0,017
9,185 0,438 0,809
9,210 1,215 1,660
9,235 1,948 2,486
9,260 2,658 3,288
9,285 3,369 4,066
9,310 4,057 4,819
9,335 4,656 5,499
9,360 5,278 6,131
9,385 5,811 6,690
9,410 6,299 7,225
9,435 6,699 7,662
9,460 7,076 8,051
9,485 7,365 8,342
9,510 7,609 8,561
9,535 7,787 8,683
9,560 7,920 8,731
9,585 7,898 8,707
9,610 7,853 8,585
9,635 7,720 8,415
9,660 7,542 8,148
9,685 7,276 7,759
9,710 6,921 7,370
9,735 6,521 6,860
9,760 6,077 6,325
9,785 5,522 5,718
9,810 4,967 5,062
9,835 4,346 4,333
9,860 3,702 3,604
9,885 3,014 2,802
9,910 2,325 1,976
9,935 1,571 1,150
9,960 0,816 0,348
9,985 0,039 -0,527
10,010 -0,694 -1,353
10,035 -1,471 -2,179
10,060 -2,248 -2,957
10,085 -3,003 -3,710
10,110 -3,669 -4,464
10,135 -4,335 -5,168
10,160 -4,956 -5,776
10,185 -5,556 -6,383
10,210 -6,088 -6,894
10,235 -6,532 -7,355
10,260 -6,932 -7,744
10,285 -7,287 -8,036
10,310 -7,576 -8,255
10,335 -7,798 -8,400
10,360 -7,931 -8,497
10,385 -7,998 -8,497
10,410 -7,998 -8,400
10,435 -7,931 -8,255
10,460 -7,753 -8,036
10,485 -7,509 -7,720
10,510 -7,265 -7,331
10,535 -6,888 -6,894
10,560 -6,466 -6,408
10,585 -5,977 -5,849
10,610 -5,422 -5,217
10,635 -4,867 -4,488
10,660 -4,224 -3,808
10,685 -3,535 -3,054
10,710 -2,847 -2,277
10,735 -2,070 -1,475
10,760 -1,315 -0,673
10,785 -0,494 0,129
10,810 0,261 0,955
10,835 1,060 1,757
10,860 1,837 2,535
10,885 2,592 3,312
10,910 3,324 4,041
10,935 4,035 4,746
10,960 4,701 5,378
10,985 5,322 5,985
11,010 5,922 6,496
11,035 6,432 7,006
11,060 6,899 7,370
11,085 7,298 7,759
11,110 7,653 8,002
11,135 7,898 8,197
11,160 8,075 8,294
11,185 8,186 8,367
11,210 8,231 8,318
11,235 8,164 8,221
11,260 8,053 8,027
11,285 7,875 7,783
11,310 7,587 7,419
11,335 7,254 7,030
11,360 6,832 6,544
11,385 6,366 6,010
11,410 5,811 5,451
11,435 5,234 4,819
11,460 4,590 4,114
11,485 3,902 3,409
11,510 3,169 2,680
11,535 2,414 1,927
11,560 1,615 1,125
11,585 0,838 0,372
11,610 0,017 -0,454
11,635 -0,783 -1,208
11,660 -1,582 -1,985
11,685 -2,359 -2,714
11,710 -3,136 -3,492
11,735 -3,868 -4,172
11,760 -4,557 -4,853
11,785 -5,200 -5,436
11,810 -5,822 -5,995
11,835 -6,355 -6,481
11,860 -6,865 -6,918
11,885 -7,265 -7,307
11,910 -7,620 -7,647
11,935 -7,887 -7,841
11,960 -8,109 -8,036
11,985 -8,220 -8,109
12,010 -8,308 -8,133
12,035 -8,286 -8,060
12,060 -8,197 -7,939
12,085 -8,020 -7,720
12,110 -7,753 -7,477
12,135 -7,443 -7,112
12,160 -7,043 -6,748
12,185 -6,577 -6,262
12,210 -6,088 -5,727
12,235 -5,489 -5,144
12,260 -4,890 -4,537
12,285 -4,201 -3,856
12,310 -3,491 -3,176
12,335 -2,714 -2,398
12,360 -1,959 -1,669
12,385 -1,116 -0,892
12,410 -0,339 -0,138
12,435 0,483 0,664
12,460 1,304 1,417
12,485 2,126 2,194
12,510 2,880 2,923
12,535 3,635 3,652
12,560 4,346 4,309
12,585 5,034 4,965
12,610 5,655 5,548
12,635 6,255 6,107
12,660 6,721 6,593
12,685 7,209 7,030
12,710 7,587 7,395
12,735 7,920 7,686
12,760 8,142 7,881
12,785 8,297 8,075
12,810 8,364 8,124
12,835 8,386 8,124
12,860 8,319 8,051
12,885 8,164 7,905
12,910 7,920 7,662
12,935 7,631 7,419
12,960 7,209 7,030
12,985 6,788 6,617
13,010 6,255 6,131
13,035 5,700 5,621
13,060 5,034 5,013
13,085 4,390 4,406
13,110 3,657 3,701
13,135 2,903 2,996
13,160 2,148 2,243
13,185 1,349 1,514
13,210 0,527 0,688
13,235 -0,250 -0,041
13,260 -1,093 -0,819
13,285 -1,893 -1,572
13,310 -2,692 -2,350
13,335 -3,424 -3,054
13,360 -4,135 -3,808
13,385 -4,845 -4,439
13,410 -5,489 -5,120
13,435 -6,022 -5,679
13,460 -6,555 -6,213
13,485 -6,976 -6,675
13,510 -7,398 -7,112
13,535 -7,709 -7,404
13,560 -7,998 -7,720
13,585 -8,131 -7,914
13,610 -8,220 -8,060
13,635 -8,242 -8,109
13,660 -8,175 -8,109
13,685 -8,064 -8,011
13,710 -7,864 -7,890
13,735 -7,554 -7,623
13,760 -7,243 -7,331
13,785 -6,799 -6,967
13,810 -6,333 -6,529
13,835 -5,755 -6,019
13,860 -5,223 -5,460
13,885 -4,557 -4,877
13,910 -3,868 -4,221
13,935 -3,158 -3,516
13,960 -2,425 -2,811
13,985 -1,582 -2,058
14,010 -0,827 -1,280
14,035 -0,028 -0,454
14,060 0,771 0,299
14,085 1,571 1,077
14,110 2,348 1,854
14,135 3,102 2,632
14,160 3,813 3,361
14,185 4,501 4,114
14,210 5,145 4,770
14,235 5,744 5,402
14,260 6,255 5,961
14,285 6,721 6,520
14,310 7,165 6,982
14,335 7,520 7,370
14,360 7,787 7,735
14,385 8,009 7,978
14,410 8,097 8,197
14,435 8,164 8,294
14,460 8,120 8,318
14,485 8,031 8,294
14,510 7,853 8,148
14,535 7,587 8,002
14,560 7,254 7,711
14,585 6,876 7,395
14,610 6,410 6,957
14,635 5,922 6,520
14,660 5,345 5,961
14,685 4,723 5,378
14,710 4,035 4,746
14,735 3,369 4,090
14,760 2,636 3,288
14,785 1,881 2,583
14,810 1,082 1,781
14,835 0,327 1,004
14,860 -0,427 0,153
14,885 -1,182 -0,649
14,910 -2,004 -1,475
14,935 -2,736 -2,228
14,960 -3,447 -3,006
14,985 -4,113 -3,735
15,010 -4,756 -4,488
15,035 -5,311 -5,144
15,060 -5,866 -5,776
15,085 -6,333 -6,359
15,110 -6,799 -6,845
15,135 -7,154 -7,258
15,160 -7,443 -7,647
15,185 -7,642 -7,963
15,210 -7,842 -8,182
15,235 -7,909 -8,327
15,260 -7,931 -8,425
15,285 -7,842 -8,425
15,310 -7,731 -8,352
15,335 -7,509 -8,182
15,360 -7,243 -7,987
15,385 -6,865 -7,647
15,410 -6,510 -7,282
15,435 -6,044 -6,845
15,460 -5,533 -6,310
15,485 -4,956 -5,727
15,510 -4,357 -5,120
15,535 -3,669 -4,439
15,560 -3,003 -3,710
15,585 -2,270 -2,957
15,610 -1,537 -2,155
15,635 -0,783 -1,353
15,660 -0,050 -0,503
15,685 0,705 0,299
15,710 1,437 1,125
15,735 2,192 1,927
15,760 2,880 2,729
15,785 3,569 3,555
15,810 4,212 4,309
15,835 4,834 4,965
15,860 5,389 5,669
15,885 5,944 6,253
15,910 6,388 6,787
15,935 6,810 7,273
15,960 7,098 7,686
15,985 7,387 8,051
16,010 7,587 8,318
16,035 7,720 8,512
16,060 7,787 8,585
16,085 7,787 8,634
16,110 7,698 8,561
16,135 7,520 8,464
16,160 7,298 8,245
16,185 7,032 7,954
16,210 6,654 7,589
16,235 6,277 7,152
16,260 5,766 6,641
16,285 5,234 6,058
16,310 4,634 5,426
16,335 4,057 4,770
16,360 3,391 4,041
16,385 2,703 3,288
16,410 1,992 2,486
16,435 1,260 1,684
16,460 0,527 0,834
16,485 -0,183 -0,017
16,510 -0,938 -0,867
16,535 -1,648 -1,669
16,560 -2,381 -2,520
16,585 -3,091 -3,273
16,610 -3,757 -4,051
16,635 -4,357 -4,755
16,660 -4,934 -5,460
16,685 -5,489 -6,067
16,710 -5,977 -6,626
16,735 -6,377 -7,137
16,760 -6,754 -7,598
16,785 -7,087 -7,939
16,810 -7,332 -8,206
16,835 -7,487 -8,473
16,860 -7,620 -8,570
16,885 -7,687 -8,619
16,910 -7,642 -8,595
16,935 -7,554 -8,473
16,960 -7,398 -8,327
16,985 -7,154 -8,060
17,010 -6,888 -7,671
17,035 -6,532 -7,282
17,060 -6,088 -6,796
17,085 -5,622 -6,262
17,110 -5,089 -5,630
17,135 -4,534 -4,950
17,160 -3,913 -4,245
17,185 -3,269 -3,516
17,210 -2,581 -2,714
17,235 -1,870 -1,912
17,260 -1,160 -1,062
17,285 -0,427 -0,235
17,310 0,305 0,591
17,335 1,060 1,417
17,360 1,770 2,243
17,385 2,503 3,021
17,410 3,213 3,847
17,435 3,857 4,576
17,460 4,479 5,281
17,485 5,056 5,912
17,510 5,611 6,471
17,535 6,099 7,006
17,560 6,543 7,468
17,585 6,876 7,856
17,610 7,209 8,148
17,635 7,431 8,342
17,660 7,631 8,537
17,685 7,720 8,561
17,710 7,742 8,585
17,735 7,698 8,512
17,760 7,609 8,342
17,785 7,409 8,099
17,810 7,165 7,783
17,835 6,854 7,346
17,860 6,455 6,933
17,885 6,011 6,374
17,910 5,544 5,791
17,935 4,989 5,135
17,960 4,390 4,479
17,985 3,746 3,677
18,010 3,102 2,923
18,035 2,370 2,146
18,060 1,659 1,344
18,085 0,905 0,493
18,110 0,172 -0,333
18,135 -0,605 -1,159
18,160 -1,360 -1,936
18,185 -2,092 -2,763
18,210 -2,781 -3,516
18,235 -3,491 -4,245
18,260 -4,135 -4,925
18,285 -4,779 -5,557
18,310 -5,311 -6,140
18,335 -5,866 -6,699
18,360 -6,310 -7,161
18,385 -6,732 -7,550
18,410 -7,087 -7,866
18,435 -7,376 -8,133
18,460 -7,598 -8,279
18,485 -7,753 -8,400
18,510 -7,842 -8,376
18,535 -7,842 -8,352
18,560 -7,776 -8,182
18,585 -7,620 -7,987
18,610 -7,398 -7,696
18,635 -7,154 -7,355
18,660 -6,821 -6,918
18,685 -6,421 -6,432
18,710 -5,933 -5,849
18,735 -5,445 -5,266
18,760 -4,845 -4,609
18,785 -4,246 -3,905
18,810 -3,580 -3,176
18,835 -2,892 -2,422
18,860 -2,159 -1,621
18,885 -1,426 -0,843
18,910 -0,649 0,007
18,935 0,105 0,785
18,960 0,905 1,587
18,985 1,659 2,340
19,010 2,392 3,118
19,035 3,102 3,847
19,060 3,835 4,527
19,085 4,479 5,159
19,110 5,145 5,791
19,135 5,700 6,301
19,160 6,233 6,811
19,185 6,654 7,225
19,210 7,076 7,589
19,235 7,431 7,832
19,260 7,698 8,075
19,285 7,898 8,172
19,310 8,031 8,245
19,335 8,053 8,221
19,360 8,075 8,148
19,385 7,920 7,978
19,410 7,742 7,759
19,435 7,498 7,419
19,460 7,165 7,030
19,485 6,788 6,568
19,510 6,366 6,058
19,535 5,833 5,499
19,560 5,256 4,892
19,585 4,634 4,236
19,610 3,990 3,531
19,635 3,258 2,778
19,660 2,525 2,024
19,685 1,770 1,247
19,710 0,993 0,493
19,735 0,194 -0,284
19,760 -0,583 -1,062
19,785 -1,382 -1,839
19,810 -2,137 -2,568
19,835 -2,914 -3,322
19,860 -3,624 -3,978
19,885 -4,312 -4,658
19,910 -4,934 -5,241
19,935 -5,578 -5,800
19,960 -6,088 -6,310
19,985 -6,599 -6,772
20,010 -6,999 -7,161
20,035 -7,398 -7,477
20,060 -7,687 -7,720
20,085 -7,931 -7,866
20,110 -8,064 -7,963
20,135 -8,153 -8,036
20,160 -8,131 -7,963
20,185 -8,064 -7,866
20,210 -7,864 -7,671
20,235 -7,687 -7,404
20,260 -7,398 -7,088
20,285 -7,021 -6,699
20,310 -6,577 -6,238
20,335 -6,088 -5,752
20,360 -5,511 -5,168
20,385 -4,934 -4,537
20,410 -4,290 -3,880
20,435 -3,602 -3,224
20,460 -2,869 -2,495
20,485 -2,070 -1,766
20,510 -1,315 -0,989
20,535 -0,538 -0,235
20,560 0,283 0,542
20,585 1,082 1,271
20,610 1,881 2,049
20,635 2,658 2,778
20,660 3,391 3,507
20,685 4,101 4,163
20,710 4,790 4,819
20,735 5,433 5,378
20,760 6,011 5,937
20,785 6,521 6,398
20,810 7,010 6,860
20,835 7,409 7,176
20,860 7,742 7,492
20,885 7,942 7,735
20,910 8,142 7,881
20,935 8,231 7,978
20,960 8,253 8,002
20,985 8,186 7,905
21,010 8,053 7,808
21,035 7,853 7,589
21,060 7,565 7,322
21,085 7,209 6,957
21,110 6,810 6,568
21,135 6,299 6,107
21,160 5,744 5,621
21,185 5,100 5,038
21,210 4,479 4,454
21,235 3,746 3,774
21,260 3,036 3,069
21,285 2,281 2,316
21,310 1,526 1,611
21,335 0,683 0,834
21,360 -0,072 0,080
21,385 -0,871 -0,721
21,410 -1,648 -1,450
21,435 -2,448 -2,204
21,460 -3,180 -2,933
21,485 -3,935 -3,637
21,510 -4,579 -4,294
21,535 -5,245 -4,901
21,560 -5,755 -5,460
21,585 -6,288 -5,995
21,610 -6,777 -6,456
21,635 -7,176 -6,869
21,660 -7,509 -7,234
21,685 -7,798 -7,550
21,710 -7,998 -7,720
21,735 -8,131 -7,890
21,760 -8,109 -7,939
21,785 -8,086 -7,987
21,810 -7,998 -7,890
21,835 -7,820 -7,768
21,860 -7,554 -7,550
21,885 -7,243 -7,258
21,910 -6,821 -6,894
21,935 -6,377 -6,505
21,960 -5,866 -5,995
21,985 -5,311 -5,460
22,010 -4,690 -4,877
22,035 -4,024 -4,269
22,060 -3,291 -3,589
22,085 -2,559 -2,908
22,110 -1,804 -2,155
22,135 -1,071 -1,426
22,160 -0,228 -0,624
22,185 0,549 0,129
22,210 1,371 0,907
22,235 2,103 1,660
22,260 2,836 2,413
22,285 3,569 3,166
22,310 4,279 3,895
22,335 4,901 4,552
22,360 5,522 5,159
22,385 6,055 5,767
22,410 6,543 6,301
22,435 6,965 6,739
22,460 7,320 7,152
22,485 7,609 7,492
22,510 7,831 7,783
22,535 7,964 7,978
22,560 8,053 8,124
22,585 8,009 8,148
22,610 7,964 8,148
22,635 7,809 8,027
22,660 7,587 7,881
22,685 7,276 7,613
22,710 6,899 7,346
22,735 6,432 6,909
22,760 5,966 6,471
22,785 5,411 5,961
22,810 4,834 5,426
22,835 4,168 4,795
22,860 3,480 4,138
22,885 2,747 3,434
22,910 2,037 2,705
22,935 1,282 1,903
22,960 0,527 1,174
22,985 -0,250 0,372
23,010 -1,005 -0,406
23,035 -1,759 -1,256
23,060 -2,492 -1,985
23,085 -3,202 -2,763
23,110 -3,913 -3,467
23,135 -4,557 -4,221
23,160 -5,112 -4,853
23,185 -5,689 -5,533
23,210 -6,177 -6,067
23,235 -6,621 -6,578
23,260 -6,954 -7,039
23,285 -7,287 -7,428
23,310 -7,531 -7,720
23,335 -7,665 -8,011
23,360 -7,798 -8,133
23,385 -7,820 -8,230
23,410 -7,731 -8,255
23,435 -7,642 -8,230
23,460 -7,465 -8,084
23,485 -7,243 -7,866
23,510 -6,865 -7,598
23,535 -6,510 -7,234
23,560 -6,066 -6,796
23,585 -5,578 -6,335
23,610 -5,023 -5,776
23,635 -4,446 -5,193
23,660 -3,757 -4,512
23,685 -3,136 -3,832
23,710 -2,425 -3,103
23,735 -1,693 -2,350
23,760 -0,960 -1,523
23,785 -0,228 -0,746
23,810 0,527 0,105
23,835 1,282 0,907
23,860 2,015 1,708
23,885 2,703 2,486
23,910 3,391 3,288
23,935 4,013 4,041
23,960 4,656 4,746
23,985 5,211 5,353
24,010 5,744 5,985
24,035 6,188 6,544
24,060 6,610 7,054
24,085 6,965 7,443
24,110 7,254 7,832
24,135 7,431 8,075
24,160 7,609 8,318
24,185 7,676 8,440
24,210 7,698 8,464
24,235 7,609 8,415
24,260 7,498 8,318
24,285 7,232 8,148
24,310 7,010 7,881
24,335 6,632 7,540
24,360 6,255 7,152
24,385 5,789 6,666
24,410 5,278 6,155
24,435 4,723 5,499
24,460 4,124 4,867
24,485 3,458 4,163
24,510 2,836 3,409
24,535 2,126 2,656
24,560 1,415 1,879
24,585 0,660 1,028
24,610 -0,050 0,226
24,635 -0,783 -0,624
24,660 -1,493 -1,426
24,685 -2,226 -2,252
24,710 -2,892 -3,006
24,735 -3,558 -3,783
24,760 -4,179 -4,488
24,785 -4,779 -5,168
24,810 -5,289 -5,800
24,835 -5,822 -6,383
24,860 -6,222 -6,869
24,885 -6,621 -7,331
24,910 -6,910 -7,696
24,935 -7,176 -8,011
24,960 -7,354 -8,206
24,985 -7,487 -8,400
25,010 -7,554 -8,473
25,035 -7,531 -8,473
25,060 -7,443 -8,352
25,085 -7,309 -8,206
25,110 -7,087 -7,939
25,135 -6,821 -7,647
25,160 -6,466 -7,258
25,185 -6,066 -6,821
25,210 -5,622 -6,286
25,235 -5,134 -5,679
25,260 -4,557 -5,023
25,285 -3,957 -4,366
25,310 -3,313 -3,637
25,335 -2,692 -2,884
25,360 -1,959 -2,058
25,385 -1,271 -1,256
25,410 -0,538 -0,454
25,435 0,172 0,372
25,460 0,905 1,198
25,485 1,615 2,000
25,510 2,348 2,778
25,535 2,991 3,604
25,560 3,657 4,333
25,585 4,301 4,989
25,610 4,856 5,645
25,635 5,411 6,228
25,660 5,900 6,763
25,685 6,344 7,225
25,710 6,721 7,613
25,735 7,010 7,929
25,760 7,276 8,172
25,785 7,454 8,391
25,810 7,565 8,464
25,835 7,631 8,488
25,860 7,587 8,415
25,885 7,476 8,269
25,910 7,320 8,051
25,935 7,054 7,759
25,960 6,765 7,395
25,985 6,388 6,933
26,010 5,988 6,423
26,035 5,500 5,864
26,060 4,989 5,232
26,085 4,412 4,576
26,110 3,791 3,871
26,135 3,147 3,118
26,160 2,481 2,316
26,185 1,748 1,538
26,210 1,016 0,736
26,235 0,305 -0,114
26,260 -0,450 -0,916
26,285 -1,138 -1,742
26,310 -1,893 -2,520
26,335 -2,603 -3,224
26,360 -3,291 -3,978
26,385 -3,935 -4,682
26,410 -4,534 -5,363
26,435 -5,112 -5,946
26,460 -5,622 -6,481
26,485 -6,088 -6,942
26,510 -6,510 -7,355
26,535 -6,888 -7,671
26,560 -7,176 -7,939
26,585 -7,398 -8,133
26,610 -7,576 -8,279
26,635 -7,642 -8,303
26,660 -7,709 -8,255
26,685 -7,642 -8,133
26,710 -7,509 -7,963
26,735 -7,332 -7,671
26,760 -7,087 -7,331
26,785 -6,754 -6,942
26,810 -6,421 -6,481
26,835 -6,000 -5,922
26,860 -5,467 -5,363
26,885 -4,912 -4,682
26,910 -4,312 -4,026
26,935 -3,669 -3,297
26,960 -3,003 -2,568
26,985 -2,292 -1,791
27,010 -1,582 -1,013
27,035 -0,827 -0,211
27,060 -0,072 0,566
27,085 0,705 1,344
27,110 1,415 2,146
27,135 2,170 2,923
27,160 2,880 3,628
27,185 3,569 4,333
27,210 4,235 4,965
27,235 4,856 5,596
27,260 5,433 6,131
27,285 5,966 6,641
27,310 6,432 7,054
27,335 6,854 7,419
27,360 7,209 7,686
27,385 7,476 7,954
27,410 7,676 8,075
27,435 7,831 8,148
27,460 7,898 8,124
27,485 7,898 8,051
27,510 7,809 7,881
27,535 7,653 7,686
27,560 7,431 7,346
27,585 7,143 7,030
27,610 6,765 6,617
27,635 6,321 6,131
27,660 5,833 5,548
27,685 5,278 4,989
27,710 4,679 4,357
27,735 4,013 3,677
27,760 3,347 2,923
27,785 2,636 2,194
27,810 1,904 1,417
27,835 1,149 0,664
27,860 0,394 -0,163
27,885 -0,383 -0,892
27,910 -1,160 -1,669
27,935 -1,915 -2,374
27,960 -2,647 -3,103
27,985 -3,358 -3,783
28,010 -4,068 -4,488
28,035 -4,690 -5,071
28,060 -5,311 -5,654
28,085 -5,844 -6,140
28,110 -6,355 -6,602
28,135 -6,799 -6,991
28,160 -7,154 -7,331
28,185 -7,487 -7,550
28,210 -7,731 -7,768
28,235 -7,864 -7,890
28,260 -7,975 -7,963
28,285 -7,998 -7,890
28,310 -7,975 -7,793
28,335 -7,798 -7,623
28,360 -7,598 -7,404
28,385 -7,332 -7,088
28,410 -6,976 -6,748
28,435 -6,577 -6,262
28,460 -6,155 -5,776
28,485 -5,578 -5,217
28,510 -5,001 -4,634
28,535 -4,357 -4,002
28,560 -3,713 -3,346
28,585 -3,003 -2,593
28,610 -2,248 -1,888
28,635 -1,493 -1,110
28,660 -0,738 -0,381
28,685 0,083 0,372
28,710 0,860 1,101
28,735 1,637 1,879
28,760 2,414 2,583
28,785 3,147 3,264
28,810 3,857 3,920
28,835 4,545 4,624
28,860 5,167 5,183
28,885 5,766 5,718
28,910 6,255 6,228
28,935 6,765 6,641
28,960 7,165 7,006
28,985 7,498 7,346
29,010 7,742 7,565
29,035 7,964 7,735
29,060 8,053 7,856
29,085 8,120 7,856
29,110 8,075 7,783
29,135 7,986 7,711
29,160 7,764 7,492
29,185 7,520 7,273
29,210 7,165 6,909
29,235 6,788 6,568
29,260 6,321 6,107
29,285 5,811 5,596
29,310 5,211 5,013
29,335 4,590 4,454
29,360 3,879 3,798
29,385 3,191 3,118
29,410 2,436 2,413
29,435 1,704 1,733
29,460 0,905 0,955
29,485 0,128 0,251
29,510 -0,672 -0,527
29,535 -1,426 -1,280
29,560 -2,226 -2,034
29,585 -2,958 -2,738
29,610 -3,691 -3,443
29,635 -4,312 -4,075
29,660 -4,978 -4,707
29,685 -5,556 -5,266
29,710 -6,111 -5,800
29,735 -6,555 -6,286
29,760 -6,976 -6,724
29,785 -7,332 -7,064
29,810 -7,642 -7,355
29,835 -7,820 -7,598
29,860 -7,953 -7,744
29,885 -8,020 -7,817
29,910 -8,020 -7,817
29,935 -7,909 -7,744
29,960 -7,753 -7,647
29,985 -7,487 -7,428
30,010 -7,221 -7,161
30,035 -6,821 -6,845
30,060 -6,421 -6,456
30,085 -5,911 -5,946
30,110 -5,378 -5,460
30,135 -4,756 -4,901
30,160 -4,113 -4,318
30,185 -3,402 -3,637
30,210 -2,692 -2,957
30,235 -1,893 -2,252
30,260 -1,204 -1,499
30,285 -0,405 -0,721
30,310 0,350 0,032
30,335 1,171 0,761
30,360 1,904 1,490
30,385 2,681 2,243
30,410 3,369 2,972
30,435 4,079 3,701
30,460 4,701 4,333
30,485 5,322 4,965
30,510 5,855 5,524
30,535 6,344 6,082
30,560 6,788 6,544
30,585 7,165 6,982
30,610 7,454 7,273
30,635 7,698 7,565
30,660 7,831 7,759
30,685 7,942 7,929
30,710 7,920 8,002
30,735 7,898 7,978
30,760 7,742 7,881
30,785 7,542 7,759
30,810 7,232 7,516
30,835 6,899 7,225
30,860 6,455 6,860
30,885 6,033 6,447
30,910 5,433 5,937
30,935 4,878 5,402
30,960 4,235 4,795
30,985 3,591 4,187
31,010 2,880 3,482
31,035 2,192 2,753
31,060 1,415 2,000
31,085 0,683 1,247
31,110 -0,117 0,493
31,135 -0,849 -0,260
31,160 -1,560 -1,062
31,185 -2,314 -1,815
31,210 -3,069 -2,568
31,235 -3,735 -3,297
31,260 -4,379 -4,002
31,285 -4,956 -4,634
31,310 -5,511 -5,266
31,335 -5,977 -5,849
31,360 -6,444 -6,359
31,385 -6,799 -6,821
31,410 -7,132 -7,210
31,435 -7,376 -7,525
31,460 -7,576 -7,793
31,485 -7,665 -7,963
31,510 -7,731 -8,084
31,535 -7,665 -8,109
31,560 -7,576 -8,084
31,585 -7,398 -7,939
31,610 -7,154 -7,768
31,635 -6,843 -7,477
31,660 -6,488 -7,161
31,685 -6,066 -6,748
31,710 -5,600 -6,310
31,735 -5,045 -5,800
31,760 -4,468 -5,217
31,785 -3,846 -4,561
31,810 -3,202 -3,905
31,835 -2,514 -3,151
31,860 -1,804 -2,447
31,885 -1,049 -1,645
31,910 -0,339 -0,892
31,935 0,416 -0,065
31,960 1,127 0,712
31,985 1,881 1,490
32,010 2,570 2,243
32,035 3,258 3,021
32,060 3,879 3,750
32,085 4,501 4,503
32,110 5,034 5,135
32,135 5,611 5,767
32,160 6,055 6,301
32,185 6,477 6,836
32,210 6,832 7,225
32,235 7,098 7,589
32,260 7,320 7,881
32,285 7,476 8,099
32,310 7,587 8,245
32,335 7,587 8,318
32,360 7,520 8,294
32,385 7,409 8,245
32,410 7,209 8,051
32,435 6,943 7,832
32,460 6,610 7,443
32,485 6,233 7,079
32,510 5,789 6,617
32,535 5,300 6,131
32,560 4,723 5,548
32,585 4,146 4,940
32,610 3,502 4,260
32,635 2,880 3,531
32,660 2,192 2,778
32,685 1,504 2,000
32,710 0,771 1,198
32,735 0,105 0,396
32,760 -0,672 -0,406
32,785 -1,360 -1,208
32,810 -2,115 -2,034
32,835 -2,758 -2,787
32,860 -3,424 -3,540
32,885 -4,024 -4,269
32,910 -4,601 -4,974
32,935 -5,134 -5,582
32,960 -5,622 -6,165
32,985 -6,066 -6,651
33,010 -6,466 -7,137
33,035 -6,777 -7,501
33,060 -7,043 -7,817
33,085 -7,243 -8,036
33,110 -7,376 -8,230
33,135 -7,443 -8,327
33,160 -7,443 -8,327
33,185 -7,354 -8,255
33,210 -7,243 -8,133
33,235 -6,999 -7,890
33,260 -6,754 -7,623
33,285 -6,421 -7,234
33,310 -6,066 -6,821
33,335 -5,578 -6,310
33,360 -5,134 -5,727
33,385 -4,534 -5,120
33,410 -3,979 -4,464
33,435 -3,336 -3,759
33,460 -2,736 -3,006
33,485 -2,026 -2,228
33,510 -1,338 -1,426
33,535 -0,627 -0,600
33,560 0,061 0,202
33,585 0,794 1,004
33,610 1,482 1,781
33,635 2,192 2,608
33,660 2,836 3,361
33,685 3,524 4,090
33,710 4,146 4,746
33,735 4,701 5,426
33,760 5,234 6,010
33,785 5,744 6,544
33,810 6,144 7,030
33,835 6,543 7,468
33,860 6,854 7,759
33,885 7,121 8,027
33,910 7,298 8,221
33,935 7,431 8,318
33,960 7,476 8,367
33,985 7,454 8,342
34,010 7,343 8,197
34,035 7,209 8,027
34,060 6,987 7,711
34,085 6,743 7,370
34,110 6,366 6,909
34,135 5,988 6,447
34,160 5,500 5,888
34,185 4,989 5,329
34,210 4,434 4,649
34,235 3,857 3,968
34,260 3,191 3,191
34,285 2,547 2,486
34,310 1,815 1,684
34,335 1,171 0,907
34,360 0,416 0,105
34,385 -0,294 -0,697
34,410 -1,027 -1,523
34,435 -1,715 -2,301
34,460 -2,425 -3,054
34,485 -3,114 -3,759
34,510 -3,780 -4,488
34,535 -4,335 -5,120
34,560 -4,934 -5,727
34,585 -5,445 -6,262
34,610 -5,933 -6,724
34,635 -6,333 -7,161
34,660 -6,688 -7,550
34,685 -6,999 -7,768
34,710 -7,243 -8,011
34,735 -7,420 -8,109
34,760 -7,531 -8,182
34,785 -7,554 -8,133
34,810 -7,509 -8,060
34,835 -7,398 -7,890
34,860 -7,243 -7,623
34,885 -6,999 -7,331
34,910 -6,688 -6,918
34,935 -6,288 -6,481
34,960 -5,889 -5,995
34,985 -5,422 -5,411
35,010 -4,890 -4,804
35,035 -4,312 -4,099
35,060 -3,735 -3,419
35,085 -3,025 -2,690
35,110 -2,381 -1,936
35,135 -1,648 -1,159
35,160 -0,960 -0,357
35,185 -0,205 0,445
35,210 0,505 1,198
35,235 1,282 1,951
35,260 1,992 2,705
35,285 2,725 3,434
35,310 3,369 4,138
35,335 4,035 4,819
35,360 4,612 5,378
35,385 5,234 5,961
35,410 5,766 6,423
35,435 6,233 6,884
35,460 6,632 7,249
35,485 7,010 7,589
35,510 7,276 7,783
35,535 7,520 7,929
35,560 7,653 8,002
35,585 7,720 8,051
35,610 7,742 7,978
35,635 7,676 7,832
35,660 7,542 7,613
35,685 7,320 7,370
35,710 7,010 7,006
35,735 6,721 6,568
35,760 6,321 6,082
35,785 5,833 5,596
35,810 5,300 4,989
35,835 4,701 4,406
35,860 4,079 3,725
35,885 3,435 2,996
35,910 2,747 2,243
35,935 2,037 1,514
35,960 1,304 0,736
35,985 0,527 0,007
36,010 -0,250 -0,794
36,035 -0,960 -1,523
36,060 -1,715 -2,277
36,085 -2,448 -2,957
36,110 -3,158 -3,637
36,135 -3,846 -4,294
36,160 -4,512 -4,925
36,185 -5,112 -5,460
36,210 -5,667 -6,019
36,235 -6,133 -6,432
36,260 -6,599 -6,845
36,285 -6,954 -7,185
36,310 -7,287 -7,453
36,335 -7,531 -7,623
36,360 -7,709 -7,744
36,385 -7,820 -7,793
36,410 -7,864 -7,793
36,435 -7,798 -7,720
36,460 -7,709 -7,574
36,485 -7,487 -7,331
36,510 -7,265 -7,015
36,535 -6,954 -6,675
36,560 -6,577 -6,262
36,585 -6,111 -5,776
36,610 -5,600 -5,241
36,635 -5,045 -4,658
36,660 -4,468 -4,026
36,685 -3,802 -3,346
36,710 -3,114 -2,690
36,735 -2,359 -1,985
36,760 -1,626 -1,232
36,785 -0,871 -0,478
36,810 -0,117 0,251
36,835 0,660 1,004
36,860 1,415 1,733
36,885 2,214 2,437
36,910 2,903 3,118
36,935 3,635 3,847
36,960 4,301 4,454
36,985 4,923 5,062
37,010 5,522 5,572
37,035 6,033 6,082
37,060 6,521 6,496
37,085 6,965 6,860
37,110 7,298 7,176
37,135 7,565 7,443
37,160 7,764 7,613
37,185 7,920 7,711
37,210 7,964 7,735
37,235 7,964 7,686
37,260 7,875 7,589
37,285 7,698 7,395
37,310 7,431 7,176
37,335 7,121 6,884
37,360 6,765 6,496
37,385 6,321 6,082
37,410 5,833 5,572
37,435 5,256 5,038
37,460 4,634 4,479
37,485 3,968 3,847
37,510 3,280 3,166
37,535 2,570 2,462
37,560 1,837 1,757
37,585 1,060 1,052
37,610 0,305 0,299
37,635 -0,472 -0,454
37,660 -1,227 -1,208
37,685 -2,026 -1,888
37,710 -2,758 -2,593
37,735 -3,469 -3,273
37,760 -4,179 -3,929
37,785 -4,779 -4,561
37,810 -5,356 -5,144
37,835 -5,933 -5,630
37,860 -6,399 -6,092
37,885 -6,799 -6,553
37,910 -7,154 -6,894
37,935 -7,465 -7,210
37,960 -7,665 -7,404
37,985 -7,820 -7,598
38,010 -7,909 -7,647
38,035 -7,909 -7,696
38,060 -7,842 -7,647
38,085 -7,709 -7,525
38,110 -7,487 -7,355
38,135 -7,176 -7,088
38,160 -6,843 -6,772
38,185 -6,399 -6,408
38,210 -5,911 -5,922
38,235 -5,422 -5,436
38,260 -4,801 -4,925
38,285 -4,179 -4,342
38,310 -3,535 -3,662
38,335 -2,825 -3,030
38,360 -2,048 -2,325
38,385 -1,338 -1,572
38,410 -0,583 -0,819
38,435 0,172 -0,090
38,460 0,949 0,639
38,485 1,682 1,368
38,510 2,459 2,097
38,535 3,147 2,778
38,560 3,857 3,507
38,585 4,501 4,163
38,610 5,123 4,770
38,635 5,678 5,353
38,660 6,166 5,888
38,685 6,632 6,325
38,710 6,987 6,787
38,735 7,276 7,103
38,760 7,542 7,395
38,785 7,720 7,589
38,810 7,853 7,759
38,835 7,853 7,832
38,860 7,787 7,856
38,885 7,676 7,759
38,910 7,476 7,638
38,935 7,187 7,395
38,960 6,876 7,152
38,985 6,455 6,811
39,010 6,011 6,398
39,035 5,478 5,937
39,060 4,945 5,402
39,085 4,346 4,819
39,110 3,680 4,236
39,135 3,014 3,555
39,160 2,303 2,851
39,185 1,593 2,122
39,210 0,838 1,368
39,235 0,083 0,615
39,260 -0,649 -0,138
39,285 -1,404 -0,892
39,310 -2,159 -1,621
39,335 -2,847 -2,374
39,360 -3,558 -3,079
39,385 -4,201 -3,759
39,410 -4,801 -4,439
39,435 -5,334 -5,071
39,460 -5,844 -5,606
39,485 -6,288 -6,140
39,510 -6,643 -6,602
39,535 -6,999 -6,991
39,560 -7,221 -7,307
39,585 -7,443 -7,550
39,610 -7,554 -7,768
39,635 -7,620 -7,890
39,660 -7,598 -7,939
39,685 -7,509 -7,939
39,710 -7,376 -7,841
39,735 -7,154 -7,647
39,760 -6,843 -7,428
39,785 -6,510 -7,112
39,810 -6,111 -6,699
39,835 -5,644 -6,262
39,860 -5,112 -5,776
39,885 -4,557 -5,266
39,910 -3,935 -4,609
39,935 -3,336 -3,953
39,960 -2,625 -3,273
39,985 -1,937 -2,568
40,010 -1,204 -1,791
40,035 -0,516 -1,037
40,060 0,239 -0,260
40,085 0,949 0,542
40,110 1,682 1,320
40,135 2,370 2,049
40,160 3,058 2,802
40,185 3,702 3,555
40,210 4,301 4,260
40,235 4,878 4,892
40,260 5,433 5,499
40,285 5,900 6,034
40,310 6,321 6,544
40,335 6,677 6,957
40,360 6,965 7,346
40,385 7,209 7,638
40,410 7,387 7,881
40,435 7,431 8,075
40,460 7,476 8,148
40,485 7,431 8,172
40,510 7,320 8,124
40,535 7,121 7,929
40,560 6,899 7,735
40,585 6,588 7,395
40,610 6,233 7,079
40,635 5,811 6,641
40,660 5,322 6,180
40,685 4,745 5,596
40,710 4,212 4,989
40,735 3,591 4,333
40,760 2,969 3,628
40,785 2,303 2,875
40,810 1,615 2,122
40,835 0,905 1,368
40,860 0,216 0,591
40,885 -0,516 -0,211
40,910 -1,227 -0,989
40,935 -1,937 -1,815
40,960 -2,603 -2,544
40,985 -3,225 -3,322
41,010 -3,868 -3,978
41,035 -4,468 -4,682
41,060 -4,978 -5,290
41,085 -5,467 -5,897
41,110 -5,889 -6,408
41,135 -6,310 -6,894
41,160 -6,599 -7,258
41,185 -6,888 -7,623
41,210 -7,087 -7,866
41,235 -7,243 -8,060
41,260 -7,287 -8,157
41,285 -7,309 -8,182
41,310 -7,221 -8,133
41,335 -7,132 -8,036
41,360 -6,910 -7,817
41,385 -6,666 -7,574
41,410 -6,333 -7,210
41,435 -6,000 -6,821
41,460 -5,556 -6,310
41,485 -5,112 -5,800
41,510 -4,601 -5,168
41,535 -4,046 -4,512
41,560 -3,447 -3,832
41,585 -2,825 -3,127
41,610 -2,115 -2,374
41,635 -1,449 -1,621
41,660 -0,738 -0,794
41,685 -0,050 -0,041
41,710 0,660 0,809
41,735 1,326 1,587
41,760 2,037 2,389
41,785 2,681 3,142
41,810 3,347 3,847
41,835 3,946 4,527
41,860 4,545 5,183
41,885 5,034 5,767
41,910 5,544 6,350
41,935 5,966 6,787
41,960 6,366 7,249
41,985 6,654 7,589
42,010 6,943 7,856
42,035 7,143 8,051
42,060 7,298 8,172
42,085 7,320 8,221
42,110 7,343 8,197
42,135 7,254 8,099
42,160 7,143 7,929
42,185 6,899 7,686
42,210 6,677 7,370
42,235 6,299 6,933
42,260 5,944 6,496
42,285 5,478 5,937
42,310 5,012 5,378
42,335 4,457 4,770
42,360 3,879 4,090
42,385 3,236 3,337
42,410 2,636 2,608
42,435 1,926 1,830
42,460 1,260 1,101
42,485 0,527 0,299
42,510 -0,139 -0,527
42,535 -0,871 -1,305
42,560 -1,560 -2,058
42,585 -2,248 -2,836
42,610 -2,914 -3,540
42,635 -3,580 -4,221
42,660 -4,157 -4,853
42,685 -4,734 -5,509
42,710 -5,223 -6,019
42,735 -5,711 -6,578
42,760 -6,111 -6,967
42,785 -6,510 -7,331
42,810 -6,799 -7,598
42,835 -7,043 -7,866
42,866 -7,198 -7,987
42,892 -7,332 -8,060
42,917 -7,398 -8,036
42,942 -7,332 -7,963
42,967 -7,265 -7,793
42,992 -7,065 -7,525
43,017 -6,865 -7,185
43,042 -6,510 -6,821
43,067 -6,177 -6,359
43,092 -5,733 -5,873
43,117 -5,267 -5,314
43,142 -4,756 -4,658
43,167 -4,201 -4,051
43,192 -3,580 -3,322
43,217 -2,980 -2,593
43,242 -2,292 -1,839
43,267 -1,582 -1,110
43,292 -0,849 -0,333
43,317 -0,139 0,445
43,342 0,594 1,222
43,367 1,304 1,951
43,392 1,992 2,705
43,417 2,681 3,409
43,442 3,391 4,114
43,467 3,968 4,746
43,492 4,568 5,378
43,517 5,145 5,888
43,542 5,655 6,398
43,567 6,099 6,836
43,592 6,543 7,176
43,617 6,854 7,468
43,642 7,121 7,686
43,667 7,365 7,832
43,692 7,520 7,905
43,717 7,565 7,954
43,742 7,565 7,856
43,767 7,498 7,735
43,792 7,365 7,492
43,817 7,187 7,225
43,842 6,876 6,884
43,867 6,521 6,447
43,892 6,099 5,985
43,917 5,633 5,451
43,942 5,100 4,916
43,967 4,545 4,284
43,992 3,968 3,580
44,017 3,324 2,899
44,042 2,636 2,170
44,067 1,948 1,441
44,092 1,215 0,712
44,117 0,483 -0,017
44,142 -0,250 -0,819
44,167 -1,005 -1,572
44,192 -1,693 -2,277
